timestamp, controlMode, leftOutput, rightOutput, leftSetpoint, rightSetpoint, leftPosition, rightPosition, leftVelocity, rightVelocity, heading, desiredHeading, headingError, leftDesiredVel, leftDesiredPos, leftPosError, leftVelError, rightDesiredVel, rightDesiredPos, rightPosError, rightVelError, desiredX, desiredY, leftCurrent, rightCurrent
0.004388999999999754, OPEN_LOOP, 0.0, 0.0, 0.0, 0.0, 0.0, 0.0, 0.0, 0.0, -0.36000001430511475, 0.0, 0.0, 0.0, 0.0, 0.0, 0.0, 0.0, 0.0, 0.0, 0.0, 0.0, 0.0, 0.125, 0.125
0.08158399999999943, OPEN_LOOP, 0.0, 0.0, 4.3318726913359787E-4, -4.3318726913359787E-4, 0.0, 0.0, 0.0, 0.0, 0.0, 0.0, 0.0, 0.0, 0.0, 0.0, 0.0, 0.0, 0.0, 0.0, 0.0, 0.0, 0.0, 0.125, 0.125
0.1227589999999994, OPEN_LOOP, 0.0, 0.0, 4.3318726913359787E-4, -4.3318726913359787E-4, 0.0, 0.0, 0.0, 0.0, 0.0, 0.0, 0.0, 0.0, 0.0, 0.0, 0.0, 0.0, 0.0, 0.0, 0.0, 0.0, 0.0, 0.125, 0.125
0.15989599999999982, OPEN_LOOP, 0.0, 0.0, 4.3318726913359787E-4, -4.3318726913359787E-4, 0.0, 0.0, 0.0, 0.0, 0.0, 0.0, 0.0, 0.0, 0.0, 0.0, 0.0, 0.0, 0.0, 0.0, 0.0, 0.0, 0.0, 0.125, 0.125
0.19740099999999927, OPEN_LOOP, 0.0, 0.0, 4.3318726913359787E-4, -4.3318726913359787E-4, 0.0, 0.0, 0.0, 0.0, 0.0, 0.0, 0.0, 0.0, 0.0, 0.0, 0.0, 0.0, 0.0, 0.0, 0.0, 0.0, 0.0, 0.125, 0.125
0.2448099999999993, OPEN_LOOP, 0.0, 0.0, 4.3318726913359787E-4, -4.3318726913359787E-4, 0.0, 0.0, 0.0, 0.0, 0.0, 0.0, 0.0, 0.0, 0.0, 0.0, 0.0, 0.0, 0.0, 0.0, 0.0, 0.0, 0.0, 0.125, 0.125
0.279941, OPEN_LOOP, 0.0, 0.0, 4.3318726913359787E-4, -4.3318726913359787E-4, 0.0, 0.0, 0.0, 0.0, 0.0, 0.0, 0.0, 0.0, 0.0, 0.0, 0.0, 0.0, 0.0, 0.0, 0.0, 0.0, 0.0, 0.125, 0.125
0.33784299999999945, OPEN_LOOP, 0.0, 0.0, 4.3318726913359787E-4, -4.3318726913359787E-4, 0.0, 0.0, 0.0, 0.0, 0.0, 0.0, 0.0, 0.0, 0.0, 0.0, 0.0, 0.0, 0.0, 0.0, 0.0, 0.0, 0.0, 0.125, 0.125
0.3783259999999995, OPEN_LOOP, 0.0, 0.0, 4.3318726913359787E-4, -4.3318726913359787E-4, 0.0, 0.0, 0.0, 0.0, 0.0, 0.0, 0.0, 0.0, 0.0, 0.0, 0.0, 0.0, 0.0, 0.0, 0.0, 0.0, 0.0, 0.125, 0.125
0.41753099999999943, OPEN_LOOP, 0.0, 0.0, 4.3318726913359787E-4, -4.3318726913359787E-4, 0.0, 0.0, 0.0, 0.0, 0.0, 0.0, 0.0, 0.0, 0.0, 0.0, 0.0, 0.0, 0.0, 0.0, 0.0, 0.0, 0.0, 0.125, 0.125
0.45782399999999956, OPEN_LOOP, 0.0, 0.0, 4.3318726913359787E-4, -4.3318726913359787E-4, 0.0, 0.0, 0.0, 0.0, 0.0, 0.0, 0.0, 0.0, 0.0, 0.0, 0.0, 0.0, 0.0, 0.0, 0.0, 0.0, 0.0, 0.125, 0.125
0.498062, OPEN_LOOP, 0.0, 0.0, 4.3318726913359787E-4, -4.3318726913359787E-4, 0.0, 0.0, 0.0, 0.0, 0.0, 0.0, 0.0, 0.0, 0.0, 0.0, 0.0, 0.0, 0.0, 0.0, 0.0, 0.0, 0.0, 0.125, 0.125
0.5376409999999998, OPEN_LOOP, 0.0, 0.0, 4.3318726913359787E-4, -4.3318726913359787E-4, 0.0, 0.0, 0.0, 0.0, 0.0, 0.0, 0.0, 0.0, 0.0, 0.0, 0.0, 0.0, 0.0, 0.0, 0.0, 0.0, 0.0, 0.125, 0.125
0.5780029999999998, OPEN_LOOP, 0.0, 0.0, 4.3318726913359787E-4, -4.3318726913359787E-4, 0.0, 0.0, 0.0, 0.0, 0.0, 0.0, 0.0, 0.0, 0.0, 0.0, 0.0, 0.0, 0.0, 0.0, 0.0, 0.0, 0.0, 0.125, 0.125
0.6182779999999992, OPEN_LOOP, 0.0, 0.0, 4.3318726913359787E-4, -4.3318726913359787E-4, 0.0, 0.0, 0.0, 0.0, 0.0, 0.0, 0.0, 0.0, 0.0, 0.0, 0.0, 0.0, 0.0, 0.0, 0.0, 0.0, 0.0, 0.125, 0.125
0.6582539999999995, OPEN_LOOP, 0.0, 0.0, 4.3318726913359787E-4, -4.3318726913359787E-4, 0.0, 0.0, 0.0, 0.0, 0.0, 0.0, 0.0, 0.0, 0.0, 0.0, 0.0, 0.0, 0.0, 0.0, 0.0, 0.0, 0.0, 0.125, 0.125
0.6977529999999996, OPEN_LOOP, 0.0, 0.0, 4.3318726913359787E-4, -4.3318726913359787E-4, 0.0, 0.0, 0.0, 0.0, 0.0, 0.0, 0.0, 0.0, 0.0, 0.0, 0.0, 0.0, 0.0, 0.0, 0.0, 0.0, 0.0, 0.125, 0.125
0.7378099999999996, OPEN_LOOP, 0.0, 0.0, 4.3318726913359787E-4, -4.3318726913359787E-4, 0.0, 0.0, 0.0, 0.0, 0.0, 0.0, 0.0, 0.0, 0.0, 0.0, 0.0, 0.0, 0.0, 0.0, 0.0, 0.0, 0.0, 0.125, 0.125
0.8087179999999998, OPEN_LOOP, 0.0, 0.0, 4.3318726913359787E-4, -4.3318726913359787E-4, 0.0, 0.0, 0.0, 0.0, 0.0, 0.0, 0.0, 0.0, 0.0, 0.0, 0.0, 0.0, 0.0, 0.0, 0.0, 0.0, 0.0, 0.125, 0.125
0.8577599999999999, OPEN_LOOP, 0.0, 0.0, 4.3318726913359787E-4, -4.3318726913359787E-4, 0.0, 0.0, 0.0, 0.0, 0.0, 0.0, 0.0, 0.0, 0.0, 0.0, 0.0, 0.0, 0.0, 0.0, 0.0, 0.0, 0.0, 0.125, 0.125
0.8996429999999993, OPEN_LOOP, 0.0, 0.0, 4.3318726913359787E-4, -4.3318726913359787E-4, 0.0, 0.0, 0.0, 0.0, 0.0, 0.0, 0.0, 0.0, 0.0, 0.0, 0.0, 0.0, 0.0, 0.0, 0.0, 0.0, 0.0, 0.125, 0.125
0.9375499999999999, OPEN_LOOP, 0.0, 0.0, 4.3318726913359787E-4, -4.3318726913359787E-4, 0.0, 0.0, 0.0, 0.0, 0.0, 0.0, 0.0, 0.0, 0.0, 0.0, 0.0, 0.0, 0.0, 0.0, 0.0, 0.0, 0.0, 0.125, 0.125
0.9781949999999995, OPEN_LOOP, 0.0, 0.0, 4.3318726913359787E-4, -4.3318726913359787E-4, 0.0, 0.0, 0.0, 0.0, 0.009999999776482582, 0.0, 0.0, 0.0, 0.0, 0.0, 0.0, 0.0, 0.0, 0.0, 0.0, 0.0, 0.0, 0.125, 0.125
1.0051009999999998, OPEN_LOOP, 0.0, 0.0, 4.3318726913359787E-4, -4.3318726913359787E-4, 0.0, 0.0, 0.0, 0.0, 0.009999999776482582, 0.0, 0.0, 0.0, 0.0, 0.0, 0.0, 0.0, 0.0, 0.0, 0.0, 0.0, 0.0, 0.125, 0.125
1.0418969999999996, OPEN_LOOP, 0.0, 0.0, 4.3318726913359787E-4, -4.3318726913359787E-4, 0.0, 0.0, 0.0, 0.0, 0.009999999776482582, 0.0, 0.0, 0.0, 0.0, 0.0, 0.0, 0.0, 0.0, 0.0, 0.0, 0.0, 0.0, 0.125, 0.125
1.0780879999999993, OPEN_LOOP, 0.0, 0.0, 4.3318726913359787E-4, -4.3318726913359787E-4, 0.0, 0.0, 0.0, 0.0, 0.009999999776482582, 0.0, 0.0, 0.0, 0.0, 0.0, 0.0, 0.0, 0.0, 0.0, 0.0, 0.0, 0.0, 0.125, 0.125
1.1175239999999995, OPEN_LOOP, 0.0, 0.0, 4.3318726913359787E-4, -4.3318726913359787E-4, 0.0, 0.0, 0.0, 0.0, 0.009999999776482582, 0.0, 0.0, 0.0, 0.0, 0.0, 0.0, 0.0, 0.0, 0.0, 0.0, 0.0, 0.0, 0.125, 0.125
1.158347, OPEN_LOOP, 0.0, 0.0, 4.3318726913359787E-4, -4.3318726913359787E-4, 0.0, 0.0, 0.0, 0.0, 0.009999999776482582, 0.0, 0.0, 0.0, 0.0, 0.0, 0.0, 0.0, 0.0, 0.0, 0.0, 0.0, 0.0, 0.125, 0.125
1.2001879999999998, OPEN_LOOP, 0.0, 0.0, 4.3318726913359787E-4, -4.3318726913359787E-4, 0.0, 0.0, 0.0, 0.0, 0.009999999776482582, 0.0, 0.0, 0.0, 0.0, 0.0, 0.0, 0.0, 0.0, 0.0, 0.0, 0.0, 0.0, 0.125, 0.125
1.23698, OPEN_LOOP, 0.0, 0.0, 4.3318726913359787E-4, -4.3318726913359787E-4, 0.0, 0.0, 0.0, 0.0, 0.009999999776482582, 0.0, 0.0, 0.0, 0.0, 0.0, 0.0, 0.0, 0.0, 0.0, 0.0, 0.0, 0.0, 0.125, 0.125
1.2776739999999993, OPEN_LOOP, 0.0, 0.0, 4.3318726913359787E-4, -4.3318726913359787E-4, 0.0, 0.0, 0.0, 0.0, 0.009999999776482582, 0.0, 0.0, 0.0, 0.0, 0.0, 0.0, 0.0, 0.0, 0.0, 0.0, 0.0, 0.0, 0.125, 0.125
1.3181059999999993, OPEN_LOOP, 0.0, 0.0, 4.3318726913359787E-4, -4.3318726913359787E-4, 0.0, 0.0, 0.0, 0.0, 0.009999999776482582, 0.0, 0.0, 0.0, 0.0, 0.0, 0.0, 0.0, 0.0, 0.0, 0.0, 0.0, 0.0, 0.125, 0.125
1.3589499999999992, OPEN_LOOP, 0.0, 0.0, 4.3318726913359787E-4, -4.3318726913359787E-4, 0.0, 0.0, 0.0, 0.0, 0.009999999776482582, 0.0, 0.0, 0.0, 0.0, 0.0, 0.0, 0.0, 0.0, 0.0, 0.0, 0.0, 0.0, 0.125, 0.125
1.398529, OPEN_LOOP, 0.0, 0.0, 4.3318726913359787E-4, -4.3318726913359787E-4, 0.0, 0.0, 0.0, 0.0, 0.009999999776482582, 0.0, 0.0, 0.0, 0.0, 0.0, 0.0, 0.0, 0.0, 0.0, 0.0, 0.0, 0.0, 0.125, 0.125
1.4376749999999996, OPEN_LOOP, 0.0, 0.0, 4.3318726913359787E-4, -4.3318726913359787E-4, 0.0, 0.0, 0.0, 0.0, 0.0, 0.0, 0.0, 0.0, 0.0, 0.0, 0.0, 0.0, 0.0, 0.0, 0.0, 0.0, 0.0, 0.125, 0.125
1.476693, OPEN_LOOP, 0.0, 0.0, 4.3318726913359787E-4, -4.3318726913359787E-4, 0.0, 0.0, 0.0, 0.0, 0.009999999776482582, 0.0, 0.0, 0.0, 0.0, 0.0, 0.0, 0.0, 0.0, 0.0, 0.0, 0.0, 0.0, 0.125, 0.125
1.5083589999999996, OPEN_LOOP, 0.0, 0.0, 4.3318726913359787E-4, -4.3318726913359787E-4, 0.0, 0.0, 0.0, 0.0, 0.009999999776482582, 0.0, 0.0, 0.0, 0.0, 0.0, 0.0, 0.0, 0.0, 0.0, 0.0, 0.0, 0.0, 0.125, 0.125
1.5583079999999994, OPEN_LOOP, 0.0, 0.0, 4.3318726913359787E-4, -4.3318726913359787E-4, 0.0, 0.0, 0.0, 0.0, 0.009999999776482582, 0.0, 0.0, 0.0, 0.0, 0.0, 0.0, 0.0, 0.0, 0.0, 0.0, 0.0, 0.0, 0.125, 0.125
1.5977949999999996, OPEN_LOOP, 0.0, 0.0, 4.3318726913359787E-4, -4.3318726913359787E-4, 0.0, 0.0, 0.0, 0.0, 0.009999999776482582, 0.0, 0.0, 0.0, 0.0, 0.0, 0.0, 0.0, 0.0, 0.0, 0.0, 0.0, 0.0, 0.125, 0.125
1.6239219999999994, OPEN_LOOP, 0.0, 0.0, 4.3318726913359787E-4, -4.3318726913359787E-4, 0.0, 0.0, 0.0, 0.0, 0.0, 0.0, 0.0, 0.0, 0.0, 0.0, 0.0, 0.0, 0.0, 0.0, 0.0, 0.0, 0.0, 0.125, 0.125
1.6610949999999995, OPEN_LOOP, 0.0, 0.0, 4.3318726913359787E-4, -4.3318726913359787E-4, 0.0, 0.0, 0.0, 0.0, 0.0, 0.0, 0.0, 0.0, 0.0, 0.0, 0.0, 0.0, 0.0, 0.0, 0.0, 0.0, 0.0, 0.125, 0.125
1.6992279999999997, OPEN_LOOP, 0.0, 0.0, 4.3318726913359787E-4, -4.3318726913359787E-4, 0.0, 0.0, 0.0, 0.0, 0.009999999776482582, 0.0, 0.0, 0.0, 0.0, 0.0, 0.0, 0.0, 0.0, 0.0, 0.0, 0.0, 0.0, 0.125, 0.125
1.7374969999999994, OPEN_LOOP, 0.0, 0.0, 4.3318726913359787E-4, -4.3318726913359787E-4, 0.0, 0.0, 0.0, 0.0, 0.009999999776482582, 0.0, 0.0, 0.0, 0.0, 0.0, 0.0, 0.0, 0.0, 0.0, 0.0, 0.0, 0.0, 0.125, 0.125
1.7784149999999999, OPEN_LOOP, 0.0, 0.0, 4.3318726913359787E-4, -4.3318726913359787E-4, 0.0, 0.0, 0.0, 0.0, 0.009999999776482582, 0.0, 0.0, 0.0, 0.0, 0.0, 0.0, 0.0, 0.0, 0.0, 0.0, 0.0, 0.0, 0.125, 0.125
1.8177009999999996, OPEN_LOOP, 0.0, 0.0, 4.3318726913359787E-4, -4.3318726913359787E-4, 0.0, 0.0, 0.0, 0.0, 0.009999999776482582, 0.0, 0.0, 0.0, 0.0, 0.0, 0.0, 0.0, 0.0, 0.0, 0.0, 0.0, 0.0, 0.125, 0.125
1.8580809999999994, OPEN_LOOP, 0.0, 0.0, 4.3318726913359787E-4, -4.3318726913359787E-4, 0.0, 0.0, 0.0, 0.0, 0.009999999776482582, 0.0, 0.0, 0.0, 0.0, 0.0, 0.0, 0.0, 0.0, 0.0, 0.0, 0.0, 0.0, 0.125, 0.125
1.897487, OPEN_LOOP, 0.0, 0.0, 4.3318726913359787E-4, -4.3318726913359787E-4, 0.0, 0.0, 0.0, 0.0, 0.009999999776482582, 0.0, 0.0, 0.0, 0.0, 0.0, 0.0, 0.0, 0.0, 0.0, 0.0, 0.0, 0.0, 0.125, 0.125
1.9418449999999998, OPEN_LOOP, 0.0, 0.0, 4.3318726913359787E-4, -4.3318726913359787E-4, 0.0, 0.0, 0.0, 0.0, 0.009999999776482582, 0.0, 0.0, 0.0, 0.0, 0.0, 0.0, 0.0, 0.0, 0.0, 0.0, 0.0, 0.0, 0.125, 0.125
1.9818999999999996, OPEN_LOOP, 0.0, 0.0, 4.3318726913359787E-4, -4.3318726913359787E-4, 0.0, 0.0, 0.0, 0.0, 0.009999999776482582, 0.0, 0.0, 0.0, 0.0, 0.0, 0.0, 0.0, 0.0, 0.0, 0.0, 0.0, 0.0, 0.125, 0.125
2.017957, OPEN_LOOP, 0.0, 0.0, 4.3318726913359787E-4, -4.3318726913359787E-4, 0.0, 0.0, 0.0, 0.0, 0.009999999776482582, 0.0, 0.0, 0.0, 0.0, 0.0, 0.0, 0.0, 0.0, 0.0, 0.0, 0.0, 0.0, 0.125, 0.125
2.0726259999999996, OPEN_LOOP, 0.0, 0.0, 4.3318726913359787E-4, -4.3318726913359787E-4, 0.0, 0.0, 0.0, 0.0, 0.009999999776482582, 0.0, 0.0, 0.0, 0.0, 0.0, 0.0, 0.0, 0.0, 0.0, 0.0, 0.0, 0.0, 0.125, 0.125
2.1239869999999996, OPEN_LOOP, 0.0, 0.0, 4.3318726913359787E-4, -4.3318726913359787E-4, 0.0, 0.0, 0.0, 0.0, 0.009999999776482582, 0.0, 0.0, 0.0, 0.0, 0.0, 0.0, 0.0, 0.0, 0.0, 0.0, 0.0, 0.0, 0.125, 0.125
2.1587289999999992, OPEN_LOOP, 0.0, 0.0, 4.3318726913359787E-4, -4.3318726913359787E-4, 0.0, 0.0, 0.0, 0.0, 0.009999999776482582, 0.0, 0.0, 0.0, 0.0, 0.0, 0.0, 0.0, 0.0, 0.0, 0.0, 0.0, 0.0, 0.125, 0.125
2.184837, OPEN_LOOP, 0.0, 0.0, 4.3318726913359787E-4, -4.3318726913359787E-4, 0.0, 0.0, 0.0, 0.0, 0.009999999776482582, 0.0, 0.0, 0.0, 0.0, 0.0, 0.0, 0.0, 0.0, 0.0, 0.0, 0.0, 0.0, 0.125, 0.125
2.218412, OPEN_LOOP, 0.0, 0.0, 4.3318726913359787E-4, -4.3318726913359787E-4, 0.0, 0.0, 0.0, 0.0, 0.009999999776482582, 0.0, 0.0, 0.0, 0.0, 0.0, 0.0, 0.0, 0.0, 0.0, 0.0, 0.0, 0.0, 0.125, 0.125
2.2569969999999993, OPEN_LOOP, 0.0, 0.0, 4.3318726913359787E-4, -4.3318726913359787E-4, 0.0, 0.0, 0.0, 0.0, 0.019999999552965164, 0.0, 0.0, 0.0, 0.0, 0.0, 0.0, 0.0, 0.0, 0.0, 0.0, 0.0, 0.0, 0.125, 0.125
2.302822, OPEN_LOOP, 0.0, 0.0, 4.3318726913359787E-4, -4.3318726913359787E-4, 0.0, 0.0, 0.0, 0.0, 0.019999999552965164, 0.0, 0.0, 0.0, 0.0, 0.0, 0.0, 0.0, 0.0, 0.0, 0.0, 0.0, 0.0, 0.125, 0.125
2.3387529999999996, OPEN_LOOP, 0.0, 0.0, 4.3318726913359787E-4, -4.3318726913359787E-4, 0.0, 0.0, 0.0, 0.0, 0.019999999552965164, 0.0, 0.0, 0.0, 0.0, 0.0, 0.0, 0.0, 0.0, 0.0, 0.0, 0.0, 0.0, 0.125, 0.125
2.377859999999999, OPEN_LOOP, 0.0, 0.0, 4.3318726913359787E-4, -4.3318726913359787E-4, 0.0, 0.0, 0.0, 0.0, 0.019999999552965164, 0.0, 0.0, 0.0, 0.0, 0.0, 0.0, 0.0, 0.0, 0.0, 0.0, 0.0, 0.0, 0.125, 0.125
2.402425, OPEN_LOOP, 0.0, 0.0, 4.3318726913359787E-4, -4.3318726913359787E-4, 0.0, 0.0, 0.0, 0.0, 0.019999999552965164, 0.0, 0.0, 0.0, 0.0, 0.0, 0.0, 0.0, 0.0, 0.0, 0.0, 0.0, 0.0, 0.125, 0.125
2.4378829999999994, OPEN_LOOP, 0.0, 0.0, 4.3318726913359787E-4, -4.3318726913359787E-4, 0.0, 0.0, 0.0, 0.0, 0.019999999552965164, 0.0, 0.0, 0.0, 0.0, 0.0, 0.0, 0.0, 0.0, 0.0, 0.0, 0.0, 0.0, 0.125, 0.125
2.4775679999999998, OPEN_LOOP, 0.0, 0.0, 4.3318726913359787E-4, -4.3318726913359787E-4, 0.0, 0.0, 0.0, 0.0, 0.019999999552965164, 0.0, 0.0, 0.0, 0.0, 0.0, 0.0, 0.0, 0.0, 0.0, 0.0, 0.0, 0.0, 0.125, 0.125
2.5037209999999996, OPEN_LOOP, 0.0, 0.0, 4.3318726913359787E-4, -4.3318726913359787E-4, 0.0, 0.0, 0.0, 0.0, 0.019999999552965164, 0.0, 0.0, 0.0, 0.0, 0.0, 0.0, 0.0, 0.0, 0.0, 0.0, 0.0, 0.0, 0.125, 0.125
2.5579469999999995, OPEN_LOOP, 0.0, 0.0, 4.3318726913359787E-4, -4.3318726913359787E-4, 0.0, 0.0, 0.0, 0.0, 0.019999999552965164, 0.0, 0.0, 0.0, 0.0, 0.0, 0.0, 0.0, 0.0, 0.0, 0.0, 0.0, 0.0, 0.125, 0.125
2.5976879999999998, OPEN_LOOP, 0.0, 0.0, 4.3318726913359787E-4, -4.3318726913359787E-4, 0.0, 0.0, 0.0, 0.0, 0.019999999552965164, 0.0, 0.0, 0.0, 0.0, 0.0, 0.0, 0.0, 0.0, 0.0, 0.0, 0.0, 0.0, 0.125, 0.125
2.638718, OPEN_LOOP, 0.0, 0.0, 4.3318726913359787E-4, -4.3318726913359787E-4, 0.0, 0.0, 0.0, 0.0, 0.019999999552965164, 0.0, 0.0, 0.0, 0.0, 0.0, 0.0, 0.0, 0.0, 0.0, 0.0, 0.0, 0.0, 0.125, 0.125
2.677676999999999, OPEN_LOOP, 0.0, 0.0, 4.3318726913359787E-4, -4.3318726913359787E-4, 0.0, 0.0, 0.0, 0.0, 0.019999999552965164, 0.0, 0.0, 0.0, 0.0, 0.0, 0.0, 0.0, 0.0, 0.0, 0.0, 0.0, 0.0, 0.125, 0.125
2.7183709999999994, OPEN_LOOP, 0.0, 0.0, 4.3318726913359787E-4, -4.3318726913359787E-4, 0.0, 0.0, 0.0, 0.0, 0.019999999552965164, 0.0, 0.0, 0.0, 0.0, 0.0, 0.0, 0.0, 0.0, 0.0, 0.0, 0.0, 0.0, 0.125, 0.125
2.7451049999999997, OPEN_LOOP, 0.0, 0.0, 4.3318726913359787E-4, -4.3318726913359787E-4, 0.0, 0.0, 0.0, 0.0, 0.019999999552965164, 0.0, 0.0, 0.0, 0.0, 0.0, 0.0, 0.0, 0.0, 0.0, 0.0, 0.0, 0.0, 0.125, 0.125
2.778594, OPEN_LOOP, 0.0, 0.0, 4.3318726913359787E-4, -4.3318726913359787E-4, 0.0, 0.0, 0.0, 0.0, 0.019999999552965164, 0.0, 0.0, 0.0, 0.0, 0.0, 0.0, 0.0, 0.0, 0.0, 0.0, 0.0, 0.0, 0.125, 0.125
2.8029959999999994, OPEN_LOOP, 0.0, 0.0, 4.3318726913359787E-4, -4.3318726913359787E-4, 0.0, 0.0, 0.0, 0.0, 0.029999999329447746, 0.0, 0.0, 0.0, 0.0, 0.0, 0.0, 0.0, 0.0, 0.0, 0.0, 0.0, 0.0, 0.125, 0.125
2.838908, OPEN_LOOP, 0.0, 0.0, 4.3318726913359787E-4, -4.3318726913359787E-4, 0.0, 0.0, 0.0, 0.0, 0.029999999329447746, 0.0, 0.0, 0.0, 0.0, 0.0, 0.0, 0.0, 0.0, 0.0, 0.0, 0.0, 0.0, 0.125, 0.125
2.877121, OPEN_LOOP, 0.0, 0.0, 4.3318726913359787E-4, -4.3318726913359787E-4, 0.0, 0.0, 0.0, 0.0, 0.029999999329447746, 0.0, 0.0, 0.0, 0.0, 0.0, 0.0, 0.0, 0.0, 0.0, 0.0, 0.0, 0.0, 0.125, 0.125
2.902501, OPEN_LOOP, 0.0, 0.0, 4.3318726913359787E-4, -4.3318726913359787E-4, 0.0, 0.0, 0.0, 0.0, 0.029999999329447746, 0.0, 0.0, 0.0, 0.0, 0.0, 0.0, 0.0, 0.0, 0.0, 0.0, 0.0, 0.0, 0.125, 0.125
2.938402, OPEN_LOOP, 0.0, 0.0, 4.3318726913359787E-4, -4.3318726913359787E-4, 0.0, 0.0, 0.0, 0.0, 0.029999999329447746, 0.0, 0.0, 0.0, 0.0, 0.0, 0.0, 0.0, 0.0, 0.0, 0.0, 0.0, 0.0, 0.125, 0.125
2.9784939999999995, OPEN_LOOP, 0.0, 0.0, 4.3318726913359787E-4, -4.3318726913359787E-4, 0.0, 0.0, 0.0, 0.0, 0.07000000029802322, 0.0, 0.0, 0.0, 0.0, 0.0, 0.0, 0.0, 0.0, 0.0, 0.0, 0.0, 0.0, 0.125, 0.125
3.0184869999999995, OPEN_LOOP, 0.0, 0.0, 4.3318726913359787E-4, -4.3318726913359787E-4, 0.0, 0.0, 0.0, 0.0, 0.10000000149011612, 0.0, 0.0, 0.0, 0.0, 0.0, 0.0, 0.0, 0.0, 0.0, 0.0, 0.0, 0.0, 0.125, 0.125
3.043646, OPEN_LOOP, 0.0, 0.0, 4.3318726913359787E-4, -4.3318726913359787E-4, 0.0, 0.0, 0.0, 0.0, 0.10999999940395355, 0.0, 0.0, 0.0, 0.0, 0.0, 0.0, 0.0, 0.0, 0.0, 0.0, 0.0, 0.0, 0.125, 0.125
3.0781389999999993, OPEN_LOOP, 0.0, 0.0, 4.3318726913359787E-4, -4.3318726913359787E-4, 0.0, 0.0, 0.0, 0.0, 0.07000000029802322, 0.0, 0.0, 0.0, 0.0, 0.0, 0.0, 0.0, 0.0, 0.0, 0.0, 0.0, 0.0, 0.125, 0.125
3.102117, OPEN_LOOP, 0.0, 0.0, 4.3318726913359787E-4, -4.3318726913359787E-4, 0.0, 0.0, 0.0, 0.0, 0.03999999910593033, 0.0, 0.0, 0.0, 0.0, 0.0, 0.0, 0.0, 0.0, 0.0, 0.0, 0.0, 0.0, 0.125, 0.125
3.1385899999999998, OPEN_LOOP, 0.0, 0.0, 4.3318726913359787E-4, -4.3318726913359787E-4, 0.0, 0.0, 0.0, 0.0, 0.0, 0.0, 0.0, 0.0, 0.0, 0.0, 0.0, 0.0, 0.0, 0.0, 0.0, 0.0, 0.0, 0.125, 0.125
3.1761920000000003, OPEN_LOOP, 0.0, 0.0, 4.3318726913359787E-4, -4.3318726913359787E-4, 0.0, 0.0, 0.0, 0.0, -0.029999999329447746, 0.0, 0.0, 0.0, 0.0, 0.0, 0.0, 0.0, 0.0, 0.0, 0.0, 0.0, 0.0, 0.125, 0.125
3.1996339999999996, OPEN_LOOP, 0.0, 0.0, 4.3318726913359787E-4, -4.3318726913359787E-4, 0.0, 0.0, 0.0, 0.0, -0.10000000149011612, 0.0, 0.0, 0.0, 0.0, 0.0, 0.0, 0.0, 0.0, 0.0, 0.0, 0.0, 0.0, 0.125, 0.125
3.237646999999999, OPEN_LOOP, 0.0, 0.0, 4.3318726913359787E-4, -4.3318726913359787E-4, 0.0, 0.0, 0.0, 0.0, -0.07999999821186066, 0.0, 0.0, 0.0, 0.0, 0.0, 0.0, 0.0, 0.0, 0.0, 0.0, 0.0, 0.0, 0.125, 0.125
3.2610530000000004, OPEN_LOOP, 0.0, 0.0, 4.3318726913359787E-4, -4.3318726913359787E-4, 0.0, 0.0, 0.0, 0.0, -0.07999999821186066, 0.0, 0.0, 0.0, 0.0, 0.0, 0.0, 0.0, 0.0, 0.0, 0.0, 0.0, 0.0, 0.125, 0.125
3.297127999999999, OPEN_LOOP, 0.0, 0.0, 4.3318726913359787E-4, -4.3318726913359787E-4, 0.0, 0.0, 0.0, 0.0, -0.05999999865889549, 0.0, 0.0, 0.0, 0.0, 0.0, 0.0, 0.0, 0.0, 0.0, 0.0, 0.0, 0.0, 0.125, 0.125
3.321577999999999, OPEN_LOOP, 0.0, 0.0, 4.3318726913359787E-4, -4.3318726913359787E-4, 0.0, 0.0, 0.0, 0.0, -0.05000000074505806, 0.0, 0.0, 0.0, 0.0, 0.0, 0.0, 0.0, 0.0, 0.0, 0.0, 0.0, 0.0, 0.125, 0.125
3.3581339999999997, OPEN_LOOP, 0.0, 0.0, 4.3318726913359787E-4, -4.3318726913359787E-4, 0.0, 0.0, 0.0, 0.0, -0.05000000074505806, 0.0, 0.0, 0.0, 0.0, 0.0, 0.0, 0.0, 0.0, 0.0, 0.0, 0.0, 0.0, 0.125, 0.125
3.381150999999999, OPEN_LOOP, 0.0, 0.0, 4.3318726913359787E-4, -4.3318726913359787E-4, 0.0, 0.0, 0.0, 0.0, -0.05000000074505806, 0.0, 0.0, 0.0, 0.0, 0.0, 0.0, 0.0, 0.0, 0.0, 0.0, 0.0, 0.0, 0.125, 0.125
3.4182109999999994, OPEN_LOOP, 0.0, 0.0, 4.3318726913359787E-4, -4.3318726913359787E-4, 0.0, 0.0, 0.0, 0.0, -0.019999999552965164, 0.0, 0.0, 0.0, 0.0, 0.0, 0.0, 0.0, 0.0, 0.0, 0.0, 0.0, 0.0, 0.125, 0.125
3.4424209999999995, OPEN_LOOP, 0.0, 0.0, 4.3318726913359787E-4, -4.3318726913359787E-4, 0.0, 0.0, 0.0, 0.0, -0.009999999776482582, 0.0, 0.0, 0.0, 0.0, 0.0, 0.0, 0.0, 0.0, 0.0, 0.0, 0.0, 0.0, 0.125, 0.125
3.479270999999999, OPEN_LOOP, 0.0, 0.0, 4.3318726913359787E-4, -4.3318726913359787E-4, 0.0, 0.0, 0.0, 0.0, -0.019999999552965164, 0.0, 0.0, 0.0, 0.0, 0.0, 0.0, 0.0, 0.0, 0.0, 0.0, 0.0, 0.0, 0.125, 0.125
3.516973, OPEN_LOOP, 0.0, 0.0, 4.3318726913359787E-4, -4.3318726913359787E-4, 0.0, 0.0, 0.0, 0.0, -0.019999999552965164, 0.0, 0.0, 0.0, 0.0, 0.0, 0.0, 0.0, 0.0, 0.0, 0.0, 0.0, 0.0, 0.125, 0.125
3.5422200000000004, OPEN_LOOP, 0.0, 0.0, 4.3318726913359787E-4, -4.3318726913359787E-4, 0.0, 0.0, 0.0, 0.0, -0.009999999776482582, 0.0, 0.0, 0.0, 0.0, 0.0, 0.0, 0.0, 0.0, 0.0, 0.0, 0.0, 0.0, 0.125, 0.125
3.5769640000000003, OPEN_LOOP, 0.0, 0.0, 4.3318726913359787E-4, -4.3318726913359787E-4, 0.0, 0.0, 0.0, 0.0, 0.0, 0.0, 0.0, 0.0, 0.0, 0.0, 0.0, 0.0, 0.0, 0.0, 0.0, 0.0, 0.0, 0.125, 0.125
3.6066789999999997, OPEN_LOOP, 0.0, 0.0, 4.3318726913359787E-4, -4.3318726913359787E-4, 0.0, 0.0, 0.0, 0.0, 0.0, 0.0, 0.0, 0.0, 0.0, 0.0, 0.0, 0.0, 0.0, 0.0, 0.0, 0.0, 0.0, 0.125, 0.125
3.657444, OPEN_LOOP, 0.0, 0.0, 4.3318726913359787E-4, -4.3318726913359787E-4, 0.0, 0.0, 0.0, 0.0, -0.009999999776482582, 0.0, 0.0, 0.0, 0.0, 0.0, 0.0, 0.0, 0.0, 0.0, 0.0, 0.0, 0.0, 0.125, 0.125
3.682656999999999, OPEN_LOOP, 0.0, 0.0, 4.3318726913359787E-4, -4.3318726913359787E-4, 0.0, 0.0, 0.0, 0.0, -0.019999999552965164, 0.0, 0.0, 0.0, 0.0, 0.0, 0.0, 0.0, 0.0, 0.0, 0.0, 0.0, 0.0, 0.125, 0.125
3.7183910000000004, OPEN_LOOP, 0.0, 0.0, 4.3318726913359787E-4, -4.3318726913359787E-4, 0.0, 0.0, 0.0, 0.0, -0.019999999552965164, 0.0, 0.0, 0.0, 0.0, 0.0, 0.0, 0.0, 0.0, 0.0, 0.0, 0.0, 0.0, 0.125, 0.125
3.7590079999999997, OPEN_LOOP, 0.0, 0.0, 4.3318726913359787E-4, -4.3318726913359787E-4, 0.0, 0.0, 0.0, 0.0, -0.019999999552965164, 0.0, 0.0, 0.0, 0.0, 0.0, 0.0, 0.0, 0.0, 0.0, 0.0, 0.0, 0.0, 0.125, 0.125
3.783142999999999, OPEN_LOOP, 0.0, 0.0, 4.3318726913359787E-4, -4.3318726913359787E-4, 0.0, 0.0, 0.0, 0.0, -0.019999999552965164, 0.0, 0.0, 0.0, 0.0, 0.0, 0.0, 0.0, 0.0, 0.0, 0.0, 0.0, 0.0, 0.125, 0.125
3.8251939999999998, OPEN_LOOP, 0.0, 0.0, 4.3318726913359787E-4, -4.3318726913359787E-4, 0.0, 0.0, 0.0, 0.0, -0.019999999552965164, 0.0, 0.0, 0.0, 0.0, 0.0, 0.0, 0.0, 0.0, 0.0, 0.0, 0.0, 0.0, 0.125, 0.125
3.8594600000000003, OPEN_LOOP, 0.0, 0.0, 4.3318726913359787E-4, -4.3318726913359787E-4, 0.0, 0.0, 0.0, 0.0, -0.019999999552965164, 0.0, 0.0, 0.0, 0.0, 0.0, 0.0, 0.0, 0.0, 0.0, 0.0, 0.0, 0.0, 0.125, 0.125
3.8977459999999997, OPEN_LOOP, 0.0, 0.0, 4.3318726913359787E-4, -4.3318726913359787E-4, 0.0, 0.0, 0.0, 0.0, -0.029999999329447746, 0.0, 0.0, 0.0, 0.0, 0.0, 0.0, 0.0, 0.0, 0.0, 0.0, 0.0, 0.0, 0.125, 0.125
3.9219729999999995, OPEN_LOOP, 0.0, 0.0, 4.3318726913359787E-4, -4.3318726913359787E-4, 0.0, 0.0, 0.0, 0.0, -0.019999999552965164, 0.0, 0.0, 0.0, 0.0, 0.0, 0.0, 0.0, 0.0, 0.0, 0.0, 0.0, 0.0, 0.125, 0.125
3.958207999999999, OPEN_LOOP, 0.0, 0.0, 4.3318726913359787E-4, -4.3318726913359787E-4, 0.0, 0.0, 0.0, 0.0, -0.019999999552965164, 0.0, 0.0, 0.0, 0.0, 0.0, 0.0, 0.0, 0.0, 0.0, 0.0, 0.0, 0.0, 0.125, 0.125
3.9854459999999996, OPEN_LOOP, 0.0, 0.0, 4.3318726913359787E-4, -4.3318726913359787E-4, 0.0, 0.0, 0.0, 0.0, -0.009999999776482582, 0.0, 0.0, 0.0, 0.0, 0.0, 0.0, 0.0, 0.0, 0.0, 0.0, 0.0, 0.0, 0.125, 0.125
4.022389, OPEN_LOOP, 0.0, 0.0, 4.3318726913359787E-4, -4.3318726913359787E-4, 0.0, 0.0, 0.0, 0.0, 0.009999999776482582, 0.0, 0.0, 0.0, 0.0, 0.0, 0.0, 0.0, 0.0, 0.0, 0.0, 0.0, 0.0, 0.125, 0.125
4.058947999999999, OPEN_LOOP, 0.0, 0.0, 4.3318726913359787E-4, -4.3318726913359787E-4, 0.0, 0.0, 0.0, 0.0, 0.019999999552965164, 0.0, 0.0, 0.0, 0.0, 0.0, 0.0, 0.0, 0.0, 0.0, 0.0, 0.0, 0.0, 0.125, 0.125
4.097828999999999, OPEN_LOOP, 0.0, 0.0, 4.3318726913359787E-4, -4.3318726913359787E-4, 0.0, 0.0, 0.0, 0.0, 0.019999999552965164, 0.0, 0.0, 0.0, 0.0, 0.0, 0.0, 0.0, 0.0, 0.0, 0.0, 0.0, 0.0, 0.125, 0.125
4.138513, OPEN_LOOP, 0.0, 0.0, 4.3318726913359787E-4, -4.3318726913359787E-4, 0.0, 0.0, 0.0, 0.0, -0.03999999910593033, 0.0, 0.0, 0.0, 0.0, 0.0, 0.0, 0.0, 0.0, 0.0, 0.0, 0.0, 0.0, 0.125, 0.125
4.1782, OPEN_LOOP, 0.0, 0.0, 4.3318726913359787E-4, -4.3318726913359787E-4, 0.0, 0.0, 0.0, 0.0, -0.05999999865889549, 0.0, 0.0, 0.0, 0.0, 0.0, 0.0, 0.0, 0.0, 0.0, 0.0, 0.0, 0.0, 0.125, 0.125
4.217706, OPEN_LOOP, 0.0, 0.0, 4.3318726913359787E-4, -4.3318726913359787E-4, 0.0, 0.0, 0.0, 0.0, -0.17000000178813934, 0.0, 0.0, 0.0, 0.0, 0.0, 0.0, 0.0, 0.0, 0.0, 0.0, 0.0, 0.0, 0.125, 0.125
4.257883, OPEN_LOOP, 0.0, 0.0, 4.3318726913359787E-4, -4.3318726913359787E-4, 0.0, 0.0, 0.0, 0.0, -0.25, 0.0, 0.0, 0.0, 0.0, 0.0, 0.0, 0.0, 0.0, 0.0, 0.0, 0.0, 0.0, 0.125, 0.125
4.298297999999999, OPEN_LOOP, 0.0, 0.0, 4.3318726913359787E-4, -4.3318726913359787E-4, 0.0, 0.0, 0.0, 0.0, -0.3799999952316284, 0.0, 0.0, 0.0, 0.0, 0.0, 0.0, 0.0, 0.0, 0.0, 0.0, 0.0, 0.0, 0.125, 0.125
4.338958999999999, OPEN_LOOP, 0.0, 0.0, 4.3318726913359787E-4, -4.3318726913359787E-4, 0.0, 0.0, 0.0, 0.0, -0.46000000834465027, 0.0, 0.0, 0.0, 0.0, 0.0, 0.0, 0.0, 0.0, 0.0, 0.0, 0.0, 0.0, 0.125, 0.125
4.377934, OPEN_LOOP, 0.0, 0.0, 4.3318726913359787E-4, -4.3318726913359787E-4, 0.0, 0.0, 0.0, 0.0, -0.49000000953674316, 0.0, 0.0, 0.0, 0.0, 0.0, 0.0, 0.0, 0.0, 0.0, 0.0, 0.0, 0.0, 0.125, 0.125
4.417883999999999, OPEN_LOOP, 0.0, 0.0, 4.3318726913359787E-4, -4.3318726913359787E-4, 0.0, 0.0, 0.0, 0.0, -0.5899999737739563, 0.0, 0.0, 0.0, 0.0, 0.0, 0.0, 0.0, 0.0, 0.0, 0.0, 0.0, 0.0, 0.125, 0.125
4.4577539999999996, OPEN_LOOP, 0.0, 0.0, 4.3318726913359787E-4, -4.3318726913359787E-4, 0.0, 0.0, 0.0, 0.0, -0.6899999976158142, 0.0, 0.0, 0.0, 0.0, 0.0, 0.0, 0.0, 0.0, 0.0, 0.0, 0.0, 0.0, 0.125, 0.125
4.497938999999999, OPEN_LOOP, 0.0, 0.0, 4.3318726913359787E-4, -4.3318726913359787E-4, 0.0, 0.0, 0.0, 0.0, -0.75, 0.0, 0.0, 0.0, 0.0, 0.0, 0.0, 0.0, 0.0, 0.0, 0.0, 0.0, 0.0, 0.125, 0.125
4.538905999999999, OPEN_LOOP, 0.0, 0.0, 4.3318726913359787E-4, -4.3318726913359787E-4, 0.0, 0.0, 0.0, 0.0, -0.8199999928474426, 0.0, 0.0, 0.0, 0.0, 0.0, 0.0, 0.0, 0.0, 0.0, 0.0, 0.0, 0.0, 0.125, 0.125
4.578051, OPEN_LOOP, 0.0, 0.0, 4.3318726913359787E-4, -4.3318726913359787E-4, 0.0, 0.0, 0.0, 0.0, -0.8899999856948853, 0.0, 0.0, 0.0, 0.0, 0.0, 0.0, 0.0, 0.0, 0.0, 0.0, 0.0, 0.0, 0.125, 0.125
4.618043999999999, OPEN_LOOP, 0.0, 0.0, 4.3318726913359787E-4, -4.3318726913359787E-4, 0.0, 0.0, 0.0, 0.0, -0.9300000071525574, 0.0, 0.0, 0.0, 0.0, 0.0, 0.0, 0.0, 0.0, 0.0, 0.0, 0.0, 0.0, 0.125, 0.125
4.657703999999999, OPEN_LOOP, 0.0, 0.0, 4.3318726913359787E-4, -4.3318726913359787E-4, 0.0, 0.0, 0.0, 0.0, -0.949999988079071, 0.0, 0.0, 0.0, 0.0, 0.0, 0.0, 0.0, 0.0, 0.0, 0.0, 0.0, 0.0, 0.125, 0.125
4.698136999999999, OPEN_LOOP, 0.0, 0.0, 4.3318726913359787E-4, -4.3318726913359787E-4, 0.0, 0.0, 0.0, 0.0, -0.9399999976158142, 0.0, 0.0, 0.0, 0.0, 0.0, 0.0, 0.0, 0.0, 0.0, 0.0, 0.0, 0.0, 0.125, 0.125
4.737517, OPEN_LOOP, 0.0, 0.0, 4.3318726913359787E-4, -4.3318726913359787E-4, 0.0, 0.0, 0.0, 0.0, -0.9200000166893005, 0.0, 0.0, 0.0, 0.0, 0.0, 0.0, 0.0, 0.0, 0.0, 0.0, 0.0, 0.0, 0.125, 0.125
4.778397, OPEN_LOOP, 0.0, 0.0, 4.3318726913359787E-4, -4.3318726913359787E-4, 0.0, 0.0, 0.0, 0.0, -0.8700000047683716, 0.0, 0.0, 0.0, 0.0, 0.0, 0.0, 0.0, 0.0, 0.0, 0.0, 0.0, 0.0, 0.125, 0.125
4.818038999999999, OPEN_LOOP, 0.0, 0.0, 4.3318726913359787E-4, -4.3318726913359787E-4, 0.0, 0.0, 0.0, 0.0, -0.8199999928474426, 0.0, 0.0, 0.0, 0.0, 0.0, 0.0, 0.0, 0.0, 0.0, 0.0, 0.0, 0.0, 0.125, 0.125
4.858642999999999, OPEN_LOOP, 0.0, 0.0, 4.3318726913359787E-4, -4.3318726913359787E-4, 0.0, 0.0, 0.0, 0.0, -0.7599999904632568, 0.0, 0.0, 0.0, 0.0, 0.0, 0.0, 0.0, 0.0, 0.0, 0.0, 0.0, 0.0, 0.125, 0.125
4.897674, OPEN_LOOP, 0.0, 0.0, 4.3318726913359787E-4, -4.3318726913359787E-4, 0.0, 0.0, 0.0, 0.0, -0.7099999785423279, 0.0, 0.0, 0.0, 0.0, 0.0, 0.0, 0.0, 0.0, 0.0, 0.0, 0.0, 0.0, 0.125, 0.125
4.920954, OPEN_LOOP, 0.0, 0.0, 4.3318726913359787E-4, -4.3318726913359787E-4, 0.0, 0.0, 0.0, 0.0, -0.6299999952316284, 0.0, 0.0, 0.0, 0.0, 0.0, 0.0, 0.0, 0.0, 0.0, 0.0, 0.0, 0.0, 0.125, 0.125
4.956358, OPEN_LOOP, 0.0, 0.0, 4.3318726913359787E-4, -4.3318726913359787E-4, 0.0, 0.0, 0.0, 0.0, -0.550000011920929, 0.0, 0.0, 0.0, 0.0, 0.0, 0.0, 0.0, 0.0, 0.0, 0.0, 0.0, 0.0, 0.125, 0.125
4.986210999999999, OPEN_LOOP, 0.0, 0.0, 4.3318726913359787E-4, -4.3318726913359787E-4, 0.0, 0.0, 0.0, 0.0, -0.49000000953674316, 0.0, 0.0, 0.0, 0.0, 0.0, 0.0, 0.0, 0.0, 0.0, 0.0, 0.0, 0.0, 0.125, 0.125
5.022019, OPEN_LOOP, 0.0, 0.0, 4.3318726913359787E-4, -4.3318726913359787E-4, 0.0, 0.0, 0.0, 0.0, -0.3700000047683716, 0.0, 0.0, 0.0, 0.0, 0.0, 0.0, 0.0, 0.0, 0.0, 0.0, 0.0, 0.0, 0.125, 0.125
5.058351999999999, OPEN_LOOP, 0.0, 0.0, 4.3318726913359787E-4, -4.3318726913359787E-4, 0.0, 0.0, 0.0, 0.0, -0.3100000023841858, 0.0, 0.0, 0.0, 0.0, 0.0, 0.0, 0.0, 0.0, 0.0, 0.0, 0.0, 0.0, 0.125, 0.125
5.0836369999999995, OPEN_LOOP, 0.0, 0.0, 4.3318726913359787E-4, -4.3318726913359787E-4, 0.0, 0.0, 0.0, 0.0, -0.20999999344348907, 0.0, 0.0, 0.0, 0.0, 0.0, 0.0, 0.0, 0.0, 0.0, 0.0, 0.0, 0.0, 0.125, 0.125
5.121207, OPEN_LOOP, 0.0, 0.0, 4.3318726913359787E-4, -4.3318726913359787E-4, 0.0, 0.0, 0.0, 0.0, -0.12999999523162842, 0.0, 0.0, 0.0, 0.0, 0.0, 0.0, 0.0, 0.0, 0.0, 0.0, 0.0, 0.0, 0.125, 0.125
5.158346999999999, OPEN_LOOP, 0.0, 0.0, 4.3318726913359787E-4, -4.3318726913359787E-4, 0.0, 0.0, 0.0, 0.0, -0.05999999865889549, 0.0, 0.0, 0.0, 0.0, 0.0, 0.0, 0.0, 0.0, 0.0, 0.0, 0.0, 0.0, 0.125, 0.125
5.199254, OPEN_LOOP, 0.0, 0.0, 4.3318726913359787E-4, -4.3318726913359787E-4, 0.0, 0.0, 0.0, 0.0, -0.029999999329447746, 0.0, 0.0, 0.0, 0.0, 0.0, 0.0, 0.0, 0.0, 0.0, 0.0, 0.0, 0.0, 0.125, 0.125
5.236663, OPEN_LOOP, 0.0, 0.0, 4.3318726913359787E-4, -4.3318726913359787E-4, 0.0, 0.0, 0.0, 0.0, 0.0, 0.0, 0.0, 0.0, 0.0, 0.0, 0.0, 0.0, 0.0, 0.0, 0.0, 0.0, 0.0, 0.125, 0.125
5.278881999999999, OPEN_LOOP, 0.0, 0.0, 4.3318726913359787E-4, -4.3318726913359787E-4, 0.0, 0.0, 0.0, 0.0, 0.14000000059604645, 0.0, 0.0, 0.0, 0.0, 0.0, 0.0, 0.0, 0.0, 0.0, 0.0, 0.0, 0.0, 0.125, 0.125
5.318139, OPEN_LOOP, 0.0, 0.0, 4.3318726913359787E-4, -4.3318726913359787E-4, 0.0, 0.0, 0.0, 0.0, 0.30000001192092896, 0.0, 0.0, 0.0, 0.0, 0.0, 0.0, 0.0, 0.0, 0.0, 0.0, 0.0, 0.0, 0.125, 0.125
5.357707999999999, OPEN_LOOP, 0.0, 0.0, 4.3318726913359787E-4, -4.3318726913359787E-4, 0.0, 0.0, 0.0, 0.0, 0.38999998569488525, 0.0, 0.0, 0.0, 0.0, 0.0, 0.0, 0.0, 0.0, 0.0, 0.0, 0.0, 0.0, 0.125, 0.125
5.383625, OPEN_LOOP, 0.0, 0.0, 4.3318726913359787E-4, -4.3318726913359787E-4, 0.0, 0.0, 0.0, 0.0, 0.5199999809265137, 0.0, 0.0, 0.0, 0.0, 0.0, 0.0, 0.0, 0.0, 0.0, 0.0, 0.0, 0.0, 0.125, 0.125
5.419024, OPEN_LOOP, 0.0, 0.0, 4.3318726913359787E-4, -4.3318726913359787E-4, 0.0, 0.0, 0.0, 0.0, 0.6899999976158142, 0.0, 0.0, 0.0, 0.0, 0.0, 0.0, 0.0, 0.0, 0.0, 0.0, 0.0, 0.0, 0.125, 0.125
5.457891999999999, OPEN_LOOP, 0.0, 0.0, 4.3318726913359787E-4, -4.3318726913359787E-4, 0.0, 0.0, 0.0, 0.0, 0.9200000166893005, 0.0, 0.0, 0.0, 0.0, 0.0, 0.0, 0.0, 0.0, 0.0, 0.0, 0.0, 0.0, 0.125, 0.125
5.4975000000000005, OPEN_LOOP, 0.0, 0.0, 4.3318726913359787E-4, -4.3318726913359787E-4, 0.0, 0.0, 0.0, 0.0, 1.1100000143051147, 0.0, 0.0, 0.0, 0.0, 0.0, 0.0, 0.0, 0.0, 0.0, 0.0, 0.0, 0.0, 0.125, 0.125
5.522219999999999, OPEN_LOOP, 0.0, 0.0, 4.3318726913359787E-4, -4.3318726913359787E-4, 0.0, 0.0, 0.0, 0.0, 1.1799999475479126, 0.0, 0.0, 0.0, 0.0, 0.0, 0.0, 0.0, 0.0, 0.0, 0.0, 0.0, 0.0, 0.125, 0.125
5.560171, OPEN_LOOP, 0.0, 0.0, 4.3318726913359787E-4, -4.3318726913359787E-4, 0.0, 0.0, 0.0, 0.0, 1.3799999952316284, 0.0, 0.0, 0.0, 0.0, 0.0, 0.0, 0.0, 0.0, 0.0, 0.0, 0.0, 0.0, 0.125, 0.125
5.597894, OPEN_LOOP, 0.0, 0.0, 4.3318726913359787E-4, -4.3318726913359787E-4, 0.0, 0.0, 0.0, 0.0, 1.5499999523162842, 0.0, 0.0, 0.0, 0.0, 0.0, 0.0, 0.0, 0.0, 0.0, 0.0, 0.0, 0.0, 0.125, 0.125
5.623576, OPEN_LOOP, 0.0, 0.0, 4.3318726913359787E-4, -4.3318726913359787E-4, 0.0, 0.0, 0.0, 0.0, 1.600000023841858, 0.0, 0.0, 0.0, 0.0, 0.0, 0.0, 0.0, 0.0, 0.0, 0.0, 0.0, 0.0, 0.125, 0.125
5.658263999999999, OPEN_LOOP, 0.0, 0.0, 4.3318726913359787E-4, -4.3318726913359787E-4, 0.0, 0.0, 0.0, 0.0, 1.7000000476837158, 0.0, 0.0, 0.0, 0.0, 0.0, 0.0, 0.0, 0.0, 0.0, 0.0, 0.0, 0.0, 0.125, 0.125
5.697676999999999, OPEN_LOOP, 0.0, 0.0, 4.3318726913359787E-4, -4.3318726913359787E-4, 0.0, 0.0, 0.0, 0.0, 1.840000033378601, 0.0, 0.0, 0.0, 0.0, 0.0, 0.0, 0.0, 0.0, 0.0, 0.0, 0.0, 0.0, 0.125, 0.125
5.738099999999999, OPEN_LOOP, 0.0, 0.0, 4.3318726913359787E-4, -4.3318726913359787E-4, 0.0, 0.0, 0.0, 0.0, 1.940000057220459, 0.0, 0.0, 0.0, 0.0, 0.0, 0.0, 0.0, 0.0, 0.0, 0.0, 0.0, 0.0, 0.125, 0.125
5.77768, OPEN_LOOP, 0.0, 0.0, 4.3318726913359787E-4, -4.3318726913359787E-4, 0.0, 0.0, 0.0, 0.0, 1.9900000095367432, 0.0, 0.0, 0.0, 0.0, 0.0, 0.0, 0.0, 0.0, 0.0, 0.0, 0.0, 0.0, 0.125, 0.125
5.8186029999999995, OPEN_LOOP, 0.0, 0.0, 4.3318726913359787E-4, -4.3318726913359787E-4, 0.0, 0.0, 0.0, 0.0, 2.049999952316284, 0.0, 0.0, 0.0, 0.0, 0.0, 0.0, 0.0, 0.0, 0.0, 0.0, 0.0, 0.0, 0.125, 0.125
5.861094999999999, OPEN_LOOP, 0.0, 0.0, 4.3318726913359787E-4, -4.3318726913359787E-4, 0.0, 0.0, 0.0, 0.0, 2.059999942779541, 0.0, 0.0, 0.0, 0.0, 0.0, 0.0, 0.0, 0.0, 0.0, 0.0, 0.0, 0.0, 0.125, 0.125
5.902030999999999, OPEN_LOOP, 0.0, 0.0, 4.3318726913359787E-4, -4.3318726913359787E-4, 0.0, 0.0, 0.0, 0.0, 2.0, 0.0, 0.0, 0.0, 0.0, 0.0, 0.0, 0.0, 0.0, 0.0, 0.0, 0.0, 0.0, 0.125, 0.125
5.937759, OPEN_LOOP, 0.0, 0.0, 4.3318726913359787E-4, -4.3318726913359787E-4, 0.0, 0.0, 0.0, 0.0, 1.9299999475479126, 0.0, 0.0, 0.0, 0.0, 0.0, 0.0, 0.0, 0.0, 0.0, 0.0, 0.0, 0.0, 0.125, 0.125
5.979638999999999, OPEN_LOOP, 0.0, 0.0, 4.3318726913359787E-4, -4.3318726913359787E-4, 0.0, 0.0, 0.0, 0.0, 1.75, 0.0, 0.0, 0.0, 0.0, 0.0, 0.0, 0.0, 0.0, 0.0, 0.0, 0.0, 0.0, 0.125, 0.125
6.017949, OPEN_LOOP, 0.0, 0.0, 4.3318726913359787E-4, -4.3318726913359787E-4, 0.0, 0.0, 0.0, 0.0, 1.5299999713897705, 0.0, 0.0, 0.0, 0.0, 0.0, 0.0, 0.0, 0.0, 0.0, 0.0, 0.0, 0.0, 0.125, 0.125
6.0427029999999995, OPEN_LOOP, 0.0, 0.0, 4.3318726913359787E-4, -4.3318726913359787E-4, 0.0, 0.0, 0.0, 0.0, 1.4500000476837158, 0.0, 0.0, 0.0, 0.0, 0.0, 0.0, 0.0, 0.0, 0.0, 0.0, 0.0, 0.0, 0.125, 0.125
6.079476999999999, OPEN_LOOP, 0.0, 0.0, 4.3318726913359787E-4, -4.3318726913359787E-4, 0.0, 0.0, 0.0, 0.0, 1.190000057220459, 0.0, 0.0, 0.0, 0.0, 0.0, 0.0, 0.0, 0.0, 0.0, 0.0, 0.0, 0.0, 0.125, 0.125
6.117663, OPEN_LOOP, 0.0, 0.0, 4.3318726913359787E-4, -4.3318726913359787E-4, 0.0, 0.0, 0.0, 0.0, 1.1699999570846558, 0.0, 0.0, 0.0, 0.0, 0.0, 0.0, 0.0, 0.0, 0.0, 0.0, 0.0, 0.0, 0.125, 0.125
6.157791999999999, OPEN_LOOP, 0.0, 0.0, 4.3318726913359787E-4, -4.3318726913359787E-4, 0.0, 0.0, 0.0, 0.0, 0.9900000095367432, 0.0, 0.0, 0.0, 0.0, 0.0, 0.0, 0.0, 0.0, 0.0, 0.0, 0.0, 0.0, 0.125, 0.125
6.1994489999999995, OPEN_LOOP, 0.0, 0.0, 4.3318726913359787E-4, -4.3318726913359787E-4, 0.0, 0.0, 0.0, 0.0, 0.75, 0.0, 0.0, 0.0, 0.0, 0.0, 0.0, 0.0, 0.0, 0.0, 0.0, 0.0, 0.0, 0.125, 0.125
6.236352, OPEN_LOOP, 0.0, 0.0, 4.3318726913359787E-4, -4.3318726913359787E-4, 0.0, 0.0, 0.0, 0.0, 0.6299999952316284, 0.0, 0.0, 0.0, 0.0, 0.0, 0.0, 0.0, 0.0, 0.0, 0.0, 0.0, 0.0, 0.125, 0.125
6.277488, OPEN_LOOP, 0.0, 0.0, 4.3318726913359787E-4, -4.3318726913359787E-4, 0.0, 0.0, 0.0, 0.0, 0.44999998807907104, 0.0, 0.0, 0.0, 0.0, 0.0, 0.0, 0.0, 0.0, 0.0, 0.0, 0.0, 0.0, 0.125, 0.125
6.319041, OPEN_LOOP, 0.0, 0.0, 4.3318726913359787E-4, -4.3318726913359787E-4, 0.0, 0.0, 0.0, 0.0, 0.3400000035762787, 0.0, 0.0, 0.0, 0.0, 0.0, 0.0, 0.0, 0.0, 0.0, 0.0, 0.0, 0.0, 0.125, 0.125
6.357853, OPEN_LOOP, 0.0, 0.0, 4.3318726913359787E-4, -4.3318726913359787E-4, 0.0, 0.0, 0.0, 0.0, 0.23999999463558197, 0.0, 0.0, 0.0, 0.0, 0.0, 0.0, 0.0, 0.0, 0.0, 0.0, 0.0, 0.0, 0.125, 0.125
6.397703999999999, OPEN_LOOP, 0.0, 0.0, 4.3318726913359787E-4, -4.3318726913359787E-4, 0.0, 0.0, 0.0, 0.0, 0.1599999964237213, 0.0, 0.0, 0.0, 0.0, 0.0, 0.0, 0.0, 0.0, 0.0, 0.0, 0.0, 0.0, 0.125, 0.125
6.438122, OPEN_LOOP, 0.0, 0.0, 4.3318726913359787E-4, -4.3318726913359787E-4, 0.0, 0.0, 0.0, 0.0, 0.10000000149011612, 0.0, 0.0, 0.0, 0.0, 0.0, 0.0, 0.0, 0.0, 0.0, 0.0, 0.0, 0.0, 0.125, 0.125
6.476557, OPEN_LOOP, 0.0, 0.0, 4.3318726913359787E-4, -4.3318726913359787E-4, 0.0, 0.0, 0.0, 0.0, 0.009999999776482582, 0.0, 0.0, 0.0, 0.0, 0.0, 0.0, 0.0, 0.0, 0.0, 0.0, 0.0, 0.0, 0.125, 0.125
6.517305, OPEN_LOOP, 0.0, 0.0, 4.3318726913359787E-4, -4.3318726913359787E-4, 0.0, 0.0, 0.0, 0.0, 0.0, 0.0, 0.0, 0.0, 0.0, 0.0, 0.0, 0.0, 0.0, 0.0, 0.0, 0.0, 0.0, 0.125, 0.125
6.5424109999999995, OPEN_LOOP, 0.0, 0.0, 4.3318726913359787E-4, -4.3318726913359787E-4, 0.0, 0.0, 0.0, 0.0, -0.05000000074505806, 0.0, 0.0, 0.0, 0.0, 0.0, 0.0, 0.0, 0.0, 0.0, 0.0, 0.0, 0.0, 0.125, 0.125
6.580009, OPEN_LOOP, 0.0, 0.0, 4.3318726913359787E-4, -4.3318726913359787E-4, 0.0, 0.0, 0.0, 0.0, -0.07000000029802322, 0.0, 0.0, 0.0, 0.0, 0.0, 0.0, 0.0, 0.0, 0.0, 0.0, 0.0, 0.0, 0.125, 0.125
6.617849999999999, OPEN_LOOP, 0.0, 0.0, 4.3318726913359787E-4, -4.3318726913359787E-4, 0.0, 0.0, 0.0, 0.0, -0.019999999552965164, 0.0, 0.0, 0.0, 0.0, 0.0, 0.0, 0.0, 0.0, 0.0, 0.0, 0.0, 0.0, 0.125, 0.125
6.659393999999999, OPEN_LOOP, 0.0, 0.0, 4.3318726913359787E-4, -4.3318726913359787E-4, 0.0, 0.0, 0.0, 0.0, -0.11999999731779099, 0.0, 0.0, 0.0, 0.0, 0.0, 0.0, 0.0, 0.0, 0.0, 0.0, 0.0, 0.0, 0.125, 0.125
6.698509999999999, OPEN_LOOP, 0.0, 0.0, 4.3318726913359787E-4, -4.3318726913359787E-4, 0.0, 0.0, 0.0, 0.0, -0.10000000149011612, 0.0, 0.0, 0.0, 0.0, 0.0, 0.0, 0.0, 0.0, 0.0, 0.0, 0.0, 0.0, 0.125, 0.125
6.737632999999999, OPEN_LOOP, 0.0, 0.0, 4.3318726913359787E-4, -4.3318726913359787E-4, 0.0, 0.0, 0.0, 0.0, -0.07999999821186066, 0.0, 0.0, 0.0, 0.0, 0.0, 0.0, 0.0, 0.0, 0.0, 0.0, 0.0, 0.0, 0.125, 0.125
6.778957, OPEN_LOOP, 0.0, 0.0, 4.3318726913359787E-4, -4.3318726913359787E-4, 0.0, 0.0, 0.0, 0.0, -0.07000000029802322, 0.0, 0.0, 0.0, 0.0, 0.0, 0.0, 0.0, 0.0, 0.0, 0.0, 0.0, 0.0, 0.125, 0.125
6.818149, OPEN_LOOP, 0.0, 0.0, 4.3318726913359787E-4, -4.3318726913359787E-4, 0.0, 0.0, 0.0, 0.0, 0.0, 0.0, 0.0, 0.0, 0.0, 0.0, 0.0, 0.0, 0.0, 0.0, 0.0, 0.0, 0.0, 0.125, 0.125
6.857951, OPEN_LOOP, 0.0, 0.0, 4.3318726913359787E-4, -4.3318726913359787E-4, 0.0, 0.0, 0.0, 0.0, 0.07000000029802322, 0.0, 0.0, 0.0, 0.0, 0.0, 0.0, 0.0, 0.0, 0.0, 0.0, 0.0, 0.0, 0.125, 0.125
6.898702, OPEN_LOOP, 0.0, 0.0, 4.3318726913359787E-4, -4.3318726913359787E-4, 0.0, 0.0, 0.0, 0.0, 0.14000000059604645, 0.0, 0.0, 0.0, 0.0, 0.0, 0.0, 0.0, 0.0, 0.0, 0.0, 0.0, 0.0, 0.125, 0.125
6.937215, OPEN_LOOP, 0.0, 0.0, 4.3318726913359787E-4, -4.3318726913359787E-4, 0.0, 0.0, 0.0, 0.0, 0.1899999976158142, 0.0, 0.0, 0.0, 0.0, 0.0, 0.0, 0.0, 0.0, 0.0, 0.0, 0.0, 0.0, 0.125, 0.125
6.977547999999999, OPEN_LOOP, 0.0, 0.0, 4.3318726913359787E-4, -4.3318726913359787E-4, 0.0, 0.0, 0.0, 0.0, 0.2199999988079071, 0.0, 0.0, 0.0, 0.0, 0.0, 0.0, 0.0, 0.0, 0.0, 0.0, 0.0, 0.0, 0.125, 0.125
7.0055060000000005, OPEN_LOOP, 0.0, 0.0, 4.3318726913359787E-4, -4.3318726913359787E-4, 0.0, 0.0, 0.0, 0.0, 0.18000000715255737, 0.0, 0.0, 0.0, 0.0, 0.0, 0.0, 0.0, 0.0, 0.0, 0.0, 0.0, 0.0, 0.125, 0.125
7.041596, OPEN_LOOP, 0.0, 0.0, 4.3318726913359787E-4, -4.3318726913359787E-4, 0.0, 0.0, 0.0, 0.0, 0.15000000596046448, 0.0, 0.0, 0.0, 0.0, 0.0, 0.0, 0.0, 0.0, 0.0, 0.0, 0.0, 0.0, 0.125, 0.125
7.081064, OPEN_LOOP, 0.0, 0.0, 4.3318726913359787E-4, -4.3318726913359787E-4, 0.0, 0.0, 0.0, 0.0, 0.12999999523162842, 0.0, 0.0, 0.0, 0.0, 0.0, 0.0, 0.0, 0.0, 0.0, 0.0, 0.0, 0.0, 0.125, 0.125
7.138626, OPEN_LOOP, 0.0, 0.0, 4.3318726913359787E-4, -4.3318726913359787E-4, 0.0, 0.0, 0.0, 0.0, 0.18000000715255737, 0.0, 0.0, 0.0, 0.0, 0.0, 0.0, 0.0, 0.0, 0.0, 0.0, 0.0, 0.0, 0.125, 0.125
7.178224, OPEN_LOOP, 0.0, 0.0, 4.3318726913359787E-4, -4.3318726913359787E-4, 0.0, 0.0, 0.0, 0.0, 0.2199999988079071, 0.0, 0.0, 0.0, 0.0, 0.0, 0.0, 0.0, 0.0, 0.0, 0.0, 0.0, 0.0, 0.125, 0.125
7.218074999999999, OPEN_LOOP, 0.0, 0.0, 4.3318726913359787E-4, -4.3318726913359787E-4, 0.0, 0.0, 0.0, 0.0, 0.23999999463558197, 0.0, 0.0, 0.0, 0.0, 0.0, 0.0, 0.0, 0.0, 0.0, 0.0, 0.0, 0.0, 0.125, 0.125
7.258063999999999, OPEN_LOOP, 0.0, 0.0, 4.3318726913359787E-4, -4.3318726913359787E-4, 0.0, 0.0, 0.0, 0.0, 0.28999999165534973, 0.0, 0.0, 0.0, 0.0, 0.0, 0.0, 0.0, 0.0, 0.0, 0.0, 0.0, 0.0, 0.125, 0.125
7.299839, OPEN_LOOP, 0.0, 0.0, 4.3318726913359787E-4, -4.3318726913359787E-4, 0.0, 0.0, 0.0, 0.0, 0.28999999165534973, 0.0, 0.0, 0.0, 0.0, 0.0, 0.0, 0.0, 0.0, 0.0, 0.0, 0.0, 0.0, 0.125, 0.125
7.337826999999999, OPEN_LOOP, 0.0, 0.0, 4.3318726913359787E-4, -4.3318726913359787E-4, 0.0, 0.0, 0.0, 0.0, 0.25, 0.0, 0.0, 0.0, 0.0, 0.0, 0.0, 0.0, 0.0, 0.0, 0.0, 0.0, 0.0, 0.125, 0.125
7.378093, OPEN_LOOP, 0.0, 0.0, 4.3318726913359787E-4, -4.3318726913359787E-4, 0.0, 0.0, 0.0, 0.0, 0.23999999463558197, 0.0, 0.0, 0.0, 0.0, 0.0, 0.0, 0.0, 0.0, 0.0, 0.0, 0.0, 0.0, 0.125, 0.125
7.418609999999999, OPEN_LOOP, 0.0, 0.0, 4.3318726913359787E-4, -4.3318726913359787E-4, 0.0, 0.0, 0.0, 0.0, 0.1599999964237213, 0.0, 0.0, 0.0, 0.0, 0.0, 0.0, 0.0, 0.0, 0.0, 0.0, 0.0, 0.0, 0.125, 0.125
7.458010999999999, OPEN_LOOP, 0.0, 0.0, 4.3318726913359787E-4, -4.3318726913359787E-4, 0.0, 0.0, 0.0, 0.0, 0.09000000357627869, 0.0, 0.0, 0.0, 0.0, 0.0, 0.0, 0.0, 0.0, 0.0, 0.0, 0.0, 0.0, 0.125, 0.125
7.498519, OPEN_LOOP, 0.0, 0.0, 4.3318726913359787E-4, -4.3318726913359787E-4, 0.0, 0.0, 0.0, 0.0, 0.009999999776482582, 0.0, 0.0, 0.0, 0.0, 0.0, 0.0, 0.0, 0.0, 0.0, 0.0, 0.0, 0.0, 0.125, 0.125
7.5689589999999995, OPEN_LOOP, 0.0, 0.0, 4.3318726913359787E-4, -4.3318726913359787E-4, 0.0, 0.0, 0.0, 0.0, -0.14000000059604645, 0.0, 0.0, 0.0, 0.0, 0.0, 0.0, 0.0, 0.0, 0.0, 0.0, 0.0, 0.0, 0.125, 0.125
7.632863, OPEN_LOOP, 0.0, 0.0, 4.3318726913359787E-4, -4.3318726913359787E-4, 0.0, 0.0, 0.0, 0.0, -0.25, 0.0, 0.0, 0.0, 0.0, 0.0, 0.0, 0.0, 0.0, 0.0, 0.0, 0.0, 0.0, 0.125, 0.125
7.682338, OPEN_LOOP, 0.0, 0.0, 4.3318726913359787E-4, -4.3318726913359787E-4, 0.0, 0.0, 0.0, 0.0, -0.33000001311302185, 0.0, 0.0, 0.0, 0.0, 0.0, 0.0, 0.0, 0.0, 0.0, 0.0, 0.0, 0.0, 0.125, 0.125
7.718508, OPEN_LOOP, 0.0, 0.0, 4.3318726913359787E-4, -4.3318726913359787E-4, 0.0, 0.0, 0.0, 0.0, -0.36000001430511475, 0.0, 0.0, 0.0, 0.0, 0.0, 0.0, 0.0, 0.0, 0.0, 0.0, 0.0, 0.0, 0.125, 0.125
7.757781, OPEN_LOOP, 0.0, 0.0, 4.3318726913359787E-4, -4.3318726913359787E-4, 0.0, 0.0, 0.0, 0.0, -0.3799999952316284, 0.0, 0.0, 0.0, 0.0, 0.0, 0.0, 0.0, 0.0, 0.0, 0.0, 0.0, 0.0, 0.125, 0.125
7.797611, OPEN_LOOP, 0.0, 0.0, 4.3318726913359787E-4, -4.3318726913359787E-4, 0.0, 0.0, 0.0, 0.0, -0.3799999952316284, 0.0, 0.0, 0.0, 0.0, 0.0, 0.0, 0.0, 0.0, 0.0, 0.0, 0.0, 0.0, 0.125, 0.125
7.822571, OPEN_LOOP, 0.0, 0.0, 4.3318726913359787E-4, -4.3318726913359787E-4, 0.0, 0.0, 0.0, 0.0, -0.3700000047683716, 0.0, 0.0, 0.0, 0.0, 0.0, 0.0, 0.0, 0.0, 0.0, 0.0, 0.0, 0.0, 0.125, 0.125
7.858271, OPEN_LOOP, 0.0, 0.0, 4.3318726913359787E-4, -4.3318726913359787E-4, 0.0, 0.0, 0.0, 0.0, -0.36000001430511475, 0.0, 0.0, 0.0, 0.0, 0.0, 0.0, 0.0, 0.0, 0.0, 0.0, 0.0, 0.0, 0.125, 0.125
7.897993999999999, OPEN_LOOP, 0.0, 0.0, 4.3318726913359787E-4, -4.3318726913359787E-4, 0.0, 0.0, 0.0, 0.0, -0.3499999940395355, 0.0, 0.0, 0.0, 0.0, 0.0, 0.0, 0.0, 0.0, 0.0, 0.0, 0.0, 0.0, 0.125, 0.125
7.938642, OPEN_LOOP, 0.0, 0.0, 4.3318726913359787E-4, -4.3318726913359787E-4, 0.0, 0.0, 0.0, 0.0, -0.2800000011920929, 0.0, 0.0, 0.0, 0.0, 0.0, 0.0, 0.0, 0.0, 0.0, 0.0, 0.0, 0.0, 0.125, 0.125
7.982699, OPEN_LOOP, 0.0, 0.0, 4.3318726913359787E-4, -4.3318726913359787E-4, 0.0, 0.0, 0.0, 0.0, -0.1599999964237213, 0.0, 0.0, 0.0, 0.0, 0.0, 0.0, 0.0, 0.0, 0.0, 0.0, 0.0, 0.0, 0.125, 0.125
8.018537, OPEN_LOOP, 0.0, 0.0, 4.3318726913359787E-4, -4.3318726913359787E-4, 0.0, 0.0, 0.0, 0.0, -0.07000000029802322, 0.0, 0.0, 0.0, 0.0, 0.0, 0.0, 0.0, 0.0, 0.0, 0.0, 0.0, 0.0, 0.125, 0.125
8.059595, OPEN_LOOP, 0.0, 0.0, 4.3318726913359787E-4, -4.3318726913359787E-4, 0.0, 0.0, 0.0, 0.0, 0.07000000029802322, 0.0, 0.0, 0.0, 0.0, 0.0, 0.0, 0.0, 0.0, 0.0, 0.0, 0.0, 0.0, 0.125, 0.125
8.096656, OPEN_LOOP, 0.0, 0.0, 4.3318726913359787E-4, -4.3318726913359787E-4, 0.0, 0.0, 0.0, 0.0, 0.23999999463558197, 0.0, 0.0, 0.0, 0.0, 0.0, 0.0, 0.0, 0.0, 0.0, 0.0, 0.0, 0.0, 0.125, 0.125
8.122385999999999, OPEN_LOOP, 0.0, 0.0, 4.3318726913359787E-4, -4.3318726913359787E-4, 0.0, 0.0, 0.0, 0.0, 0.3100000023841858, 0.0, 0.0, 0.0, 0.0, 0.0, 0.0, 0.0, 0.0, 0.0, 0.0, 0.0, 0.0, 0.125, 0.125
8.157480999999999, OPEN_LOOP, 0.0, 0.0, 4.3318726913359787E-4, -4.3318726913359787E-4, 0.0, 0.0, 0.0, 0.0, 0.5299999713897705, 0.0, 0.0, 0.0, 0.0, 0.0, 0.0, 0.0, 0.0, 0.0, 0.0, 0.0, 0.0, 0.125, 0.125
8.197364, OPEN_LOOP, 0.0, 0.0, 4.3318726913359787E-4, -4.3318726913359787E-4, 0.0, 0.0, 0.0, 0.0, 0.6399999856948853, 0.0, 0.0, 0.0, 0.0, 0.0, 0.0, 0.0, 0.0, 0.0, 0.0, 0.0, 0.0, 0.125, 0.125
8.221014, OPEN_LOOP, 0.0, 0.0, 4.3318726913359787E-4, -4.3318726913359787E-4, 0.0, 0.0, 0.0, 0.0, 0.7099999785423279, 0.0, 0.0, 0.0, 0.0, 0.0, 0.0, 0.0, 0.0, 0.0, 0.0, 0.0, 0.0, 0.125, 0.125
8.257265, OPEN_LOOP, 0.0, 0.0, 4.3318726913359787E-4, -4.3318726913359787E-4, 0.0, 0.0, 0.0, 0.0, 0.8899999856948853, 0.0, 0.0, 0.0, 0.0, 0.0, 0.0, 0.0, 0.0, 0.0, 0.0, 0.0, 0.0, 0.125, 0.125
8.279869999999999, OPEN_LOOP, 0.0, 0.0, 4.3318726913359787E-4, -4.3318726913359787E-4, 0.0, 0.0, 0.0, 0.0, 0.9700000286102295, 0.0, 0.0, 0.0, 0.0, 0.0, 0.0, 0.0, 0.0, 0.0, 0.0, 0.0, 0.0, 0.125, 0.125
8.302705999999999, OPEN_LOOP, 0.0, 0.0, 4.3318726913359787E-4, -4.3318726913359787E-4, 0.0, 0.0, 0.0, 0.0, 1.1299999952316284, 0.0, 0.0, 0.0, 0.0, 0.0, 0.0, 0.0, 0.0, 0.0, 0.0, 0.0, 0.0, 0.125, 0.125
8.34, OPEN_LOOP, 0.0, 0.0, 4.3318726913359787E-4, -4.3318726913359787E-4, 0.0, 0.0, 0.0, 0.0, 1.2599999904632568, 0.0, 0.0, 0.0, 0.0, 0.0, 0.0, 0.0, 0.0, 0.0, 0.0, 0.0, 0.0, 0.125, 0.125
8.376631999999999, OPEN_LOOP, 0.0, 0.0, 4.3318726913359787E-4, -4.3318726913359787E-4, 0.0, 0.0, 0.0, 0.0, 1.3700000047683716, 0.0, 0.0, 0.0, 0.0, 0.0, 0.0, 0.0, 0.0, 0.0, 0.0, 0.0, 0.0, 0.125, 0.125
8.397928, OPEN_LOOP, 0.0, 0.0, 4.3318726913359787E-4, -4.3318726913359787E-4, 0.0, 0.0, 0.0, 0.0, 1.440000057220459, 0.0, 0.0, 0.0, 0.0, 0.0, 0.0, 0.0, 0.0, 0.0, 0.0, 0.0, 0.0, 0.125, 0.125
8.42185, OPEN_LOOP, 0.0, 0.0, 4.3318726913359787E-4, -4.3318726913359787E-4, 0.0, 0.0, 0.0, 0.0, 1.4800000190734863, 0.0, 0.0, 0.0, 0.0, 0.0, 0.0, 0.0, 0.0, 0.0, 0.0, 0.0, 0.0, 0.125, 0.125
8.458012, OPEN_LOOP, 0.0, 0.0, 4.3318726913359787E-4, -4.3318726913359787E-4, 0.0, 0.0, 0.0, 0.0, 1.600000023841858, 0.0, 0.0, 0.0, 0.0, 0.0, 0.0, 0.0, 0.0, 0.0, 0.0, 0.0, 0.0, 0.125, 0.125
8.497447, OPEN_LOOP, 0.0, 0.0, 4.3318726913359787E-4, -4.3318726913359787E-4, 0.0, 0.0, 0.0, 0.0, 1.690000057220459, 0.0, 0.0, 0.0, 0.0, 0.0, 0.0, 0.0, 0.0, 0.0, 0.0, 0.0, 0.0, 0.125, 0.125
8.520764999999999, OPEN_LOOP, 0.0, 0.0, 4.3318726913359787E-4, -4.3318726913359787E-4, 0.0, 0.0, 0.0, 0.0, 1.7000000476837158, 0.0, 0.0, 0.0, 0.0, 0.0, 0.0, 0.0, 0.0, 0.0, 0.0, 0.0, 0.0, 0.125, 0.125
8.559115, OPEN_LOOP, 0.0, 0.0, 4.3318726913359787E-4, -4.3318726913359787E-4, 0.0, 0.0, 0.0, 0.0, 1.75, 0.0, 0.0, 0.0, 0.0, 0.0, 0.0, 0.0, 0.0, 0.0, 0.0, 0.0, 0.0, 0.125, 0.125
8.59409, OPEN_LOOP, 0.0, 0.0, 4.3318726913359787E-4, -4.3318726913359787E-4, 0.0, 0.0, 0.0, 0.0, 1.899999976158142, 0.0, 0.0, 0.0, 0.0, 0.0, 0.0, 0.0, 0.0, 0.0, 0.0, 0.0, 0.0, 0.125, 0.125
8.620320999999999, OPEN_LOOP, 0.0, 0.0, 4.3318726913359787E-4, -4.3318726913359787E-4, 0.0, 0.0, 0.0, 0.0, 1.9800000190734863, 0.0, 0.0, 0.0, 0.0, 0.0, 0.0, 0.0, 0.0, 0.0, 0.0, 0.0, 0.0, 0.125, 0.125
8.658348, OPEN_LOOP, 0.0, 0.0, 4.3318726913359787E-4, -4.3318726913359787E-4, 0.0, 0.0, 0.0, 0.0, 2.009999990463257, 0.0, 0.0, 0.0, 0.0, 0.0, 0.0, 0.0, 0.0, 0.0, 0.0, 0.0, 0.0, 0.125, 0.125
8.697586, OPEN_LOOP, 0.0, 0.0, 4.3318726913359787E-4, -4.3318726913359787E-4, 0.0, 0.0, 0.0, 0.0, 2.1500000953674316, 0.0, 0.0, 0.0, 0.0, 0.0, 0.0, 0.0, 0.0, 0.0, 0.0, 0.0, 0.0, 0.125, 0.125
8.723241, OPEN_LOOP, 0.0, 0.0, 4.3318726913359787E-4, -4.3318726913359787E-4, 0.0, 0.0, 0.0, 0.0, 2.2200000286102295, 0.0, 0.0, 0.0, 0.0, 0.0, 0.0, 0.0, 0.0, 0.0, 0.0, 0.0, 0.0, 0.125, 0.125
8.757416, OPEN_LOOP, 0.0, 0.0, 4.3318726913359787E-4, -4.3318726913359787E-4, 0.0, 0.0, 0.0, 0.0, 2.4100000858306885, 0.0, 0.0, 0.0, 0.0, 0.0, 0.0, 0.0, 0.0, 0.0, 0.0, 0.0, 0.0, 0.125, 0.125
8.779622999999999, OPEN_LOOP, 0.0, 0.0, 4.3318726913359787E-4, -4.3318726913359787E-4, 0.0, 0.0, 0.0, 0.0, 2.4600000381469727, 0.0, 0.0, 0.0, 0.0, 0.0, 0.0, 0.0, 0.0, 0.0, 0.0, 0.0, 0.0, 0.125, 0.125
8.818234, OPEN_LOOP, 0.0, 0.0, 4.3318726913359787E-4, -4.3318726913359787E-4, 0.0, 0.0, 0.0, 0.0, 2.5899999141693115, 0.0, 0.0, 0.0, 0.0, 0.0, 0.0, 0.0, 0.0, 0.0, 0.0, 0.0, 0.0, 0.125, 0.125
8.858685999999999, OPEN_LOOP, 0.0, 0.0, 4.3318726913359787E-4, -4.3318726913359787E-4, 0.0, 0.0, 0.0, 0.0, 2.7799999713897705, 0.0, 0.0, 0.0, 0.0, 0.0, 0.0, 0.0, 0.0, 0.0, 0.0, 0.0, 0.0, 0.125, 0.125
8.883621999999999, OPEN_LOOP, 0.0, 0.0, 4.3318726913359787E-4, -4.3318726913359787E-4, 0.0, 0.0, 0.0, 0.0, 2.8499999046325684, 0.0, 0.0, 0.0, 0.0, 0.0, 0.0, 0.0, 0.0, 0.0, 0.0, 0.0, 0.0, 0.125, 0.125
8.918199999999999, OPEN_LOOP, 0.0, 0.0, 4.3318726913359787E-4, -4.3318726913359787E-4, 0.0, 0.0, 0.0, 0.0, 3.059999942779541, 0.0, 0.0, 0.0, 0.0, 0.0, 0.0, 0.0, 0.0, 0.0, 0.0, 0.0, 0.0, 0.125, 0.125
8.95676, OPEN_LOOP, 0.0, 0.0, 4.3318726913359787E-4, -4.3318726913359787E-4, 0.0, 0.0, 0.0, 0.0, 3.180000066757202, 0.0, 0.0, 0.0, 0.0, 0.0, 0.0, 0.0, 0.0, 0.0, 0.0, 0.0, 0.0, 0.125, 0.125
8.982605999999999, OPEN_LOOP, 0.0, 0.0, 4.3318726913359787E-4, -4.3318726913359787E-4, 0.0, 0.0, 0.0, 0.0, 3.2799999713897705, 0.0, 0.0, 0.0, 0.0, 0.0, 0.0, 0.0, 0.0, 0.0, 0.0, 0.0, 0.0, 0.125, 0.125
9.02007, OPEN_LOOP, 0.0, 0.0, 4.3318726913359787E-4, -4.3318726913359787E-4, 0.0, 0.0, 0.0, 0.0, 3.390000104904175, 0.0, 0.0, 0.0, 0.0, 0.0, 0.0, 0.0, 0.0, 0.0, 0.0, 0.0, 0.0, 0.125, 0.125
9.058309999999999, OPEN_LOOP, 0.0, 0.0, 4.3318726913359787E-4, -4.3318726913359787E-4, 0.0, 0.0, 0.0, 0.0, 3.4600000381469727, 0.0, 0.0, 0.0, 0.0, 0.0, 0.0, 0.0, 0.0, 0.0, 0.0, 0.0, 0.0, 0.125, 0.125
9.098671, OPEN_LOOP, 0.0, 0.0, 4.3318726913359787E-4, -4.3318726913359787E-4, 0.0, 0.0, 0.0, 0.0, 3.5299999713897705, 0.0, 0.0, 0.0, 0.0, 0.0, 0.0, 0.0, 0.0, 0.0, 0.0, 0.0, 0.0, 0.125, 0.125
9.138233, OPEN_LOOP, 0.0, 0.0, 4.3318726913359787E-4, -4.3318726913359787E-4, 0.0, 0.0, 0.0, 0.0, 3.559999942779541, 0.0, 0.0, 0.0, 0.0, 0.0, 0.0, 0.0, 0.0, 0.0, 0.0, 0.0, 0.0, 0.125, 0.125
9.178309, OPEN_LOOP, 0.0, 0.0, 4.3318726913359787E-4, -4.3318726913359787E-4, 0.0, 0.0, 0.0, 0.0, 3.559999942779541, 0.0, 0.0, 0.0, 0.0, 0.0, 0.0, 0.0, 0.0, 0.0, 0.0, 0.0, 0.0, 0.125, 0.125
9.220271, OPEN_LOOP, 0.0, 0.0, 4.3318726913359787E-4, -4.3318726913359787E-4, 0.0, 0.0, 0.0, 0.0, 3.5199999809265137, 0.0, 0.0, 0.0, 0.0, 0.0, 0.0, 0.0, 0.0, 0.0, 0.0, 0.0, 0.0, 0.125, 0.125
9.257729, OPEN_LOOP, 0.0, 0.0, 4.3318726913359787E-4, -4.3318726913359787E-4, 0.0, 0.0, 0.0, 0.0, 3.440000057220459, 0.0, 0.0, 0.0, 0.0, 0.0, 0.0, 0.0, 0.0, 0.0, 0.0, 0.0, 0.0, 0.125, 0.125
9.283052999999999, OPEN_LOOP, 0.0, 0.0, 4.3318726913359787E-4, -4.3318726913359787E-4, 0.0, 0.0, 0.0, 0.0, 3.4000000953674316, 0.0, 0.0, 0.0, 0.0, 0.0, 0.0, 0.0, 0.0, 0.0, 0.0, 0.0, 0.0, 0.125, 0.125
9.318283, OPEN_LOOP, 0.0, 0.0, 4.3318726913359787E-4, -4.3318726913359787E-4, 0.0, 0.0, 0.0, 0.0, 3.2699999809265137, 0.0, 0.0, 0.0, 0.0, 0.0, 0.0, 0.0, 0.0, 0.0, 0.0, 0.0, 0.0, 0.125, 0.125
9.343021, OPEN_LOOP, 0.0, 0.0, 4.3318726913359787E-4, -4.3318726913359787E-4, 0.0, 0.0, 0.0, 0.0, 3.2300000190734863, 0.0, 0.0, 0.0, 0.0, 0.0, 0.0, 0.0, 0.0, 0.0, 0.0, 0.0, 0.0, 0.125, 0.125
9.384326, OPEN_LOOP, 0.0, 0.0, 4.3318726913359787E-4, -4.3318726913359787E-4, 0.0, 0.0, 0.0, 0.0, 3.109999895095825, 0.0, 0.0, 0.0, 0.0, 0.0, 0.0, 0.0, 0.0, 0.0, 0.0, 0.0, 0.0, 0.125, 0.125
9.417057, OPEN_LOOP, 0.0, 0.0, 4.3318726913359787E-4, -4.3318726913359787E-4, 0.0, 0.0, 0.0, 0.0, 3.0, 0.0, 0.0, 0.0, 0.0, 0.0, 0.0, 0.0, 0.0, 0.0, 0.0, 0.0, 0.0, 0.125, 0.125
9.439008, OPEN_LOOP, 0.0, 0.0, 4.3318726913359787E-4, -4.3318726913359787E-4, 0.0, 0.0, 0.0, 0.0, 3.0299999713897705, 0.0, 0.0, 0.0, 0.0, 0.0, 0.0, 0.0, 0.0, 0.0, 0.0, 0.0, 0.0, 0.125, 0.125
9.477584, OPEN_LOOP, 0.0, 0.0, 4.3318726913359787E-4, -4.3318726913359787E-4, 0.0, 0.0, 0.0, 0.0, 3.0299999713897705, 0.0, 0.0, 0.0, 0.0, 0.0, 0.0, 0.0, 0.0, 0.0, 0.0, 0.0, 0.0, 0.125, 0.125
9.501699, OPEN_LOOP, 0.0, 0.0, 4.3318726913359787E-4, -4.3318726913359787E-4, 0.0, 0.0, 0.0, 0.0, 2.930000066757202, 0.0, 0.0, 0.0, 0.0, 0.0, 0.0, 0.0, 0.0, 0.0, 0.0, 0.0, 0.0, 0.125, 0.125
9.537652, OPEN_LOOP, 0.0, 0.0, 4.3318726913359787E-4, -4.3318726913359787E-4, 0.0, 0.0, 0.0, 0.0, 2.8299999237060547, 0.0, 0.0, 0.0, 0.0, 0.0, 0.0, 0.0, 0.0, 0.0, 0.0, 0.0, 0.0, 0.125, 0.125
9.57704, OPEN_LOOP, 0.0, 0.0, 4.3318726913359787E-4, -4.3318726913359787E-4, 0.0, 0.0, 0.0, 0.0, 2.680000066757202, 0.0, 0.0, 0.0, 0.0, 0.0, 0.0, 0.0, 0.0, 0.0, 0.0, 0.0, 0.0, 0.125, 0.125
9.601037, OPEN_LOOP, 0.0, 0.0, 4.3318726913359787E-4, -4.3318726913359787E-4, 0.0, 0.0, 0.0, 0.0, 2.5999999046325684, 0.0, 0.0, 0.0, 0.0, 0.0, 0.0, 0.0, 0.0, 0.0, 0.0, 0.0, 0.0, 0.125, 0.125
9.63725, OPEN_LOOP, 0.0, 0.0, 4.3318726913359787E-4, -4.3318726913359787E-4, 0.0, 0.0, 0.0, 0.0, 2.5799999237060547, 0.0, 0.0, 0.0, 0.0, 0.0, 0.0, 0.0, 0.0, 0.0, 0.0, 0.0, 0.0, 0.125, 0.125
9.658697, OPEN_LOOP, 0.0, 0.0, 4.3318726913359787E-4, -4.3318726913359787E-4, 0.0, 0.0, 0.0, 0.0, 2.549999952316284, 0.0, 0.0, 0.0, 0.0, 0.0, 0.0, 0.0, 0.0, 0.0, 0.0, 0.0, 0.0, 0.125, 0.125
9.681578, OPEN_LOOP, 0.0, 0.0, 4.3318726913359787E-4, -4.3318726913359787E-4, 0.0, 0.0, 0.0, 0.0, 2.5899999141693115, 0.0, 0.0, 0.0, 0.0, 0.0, 0.0, 0.0, 0.0, 0.0, 0.0, 0.0, 0.0, 0.125, 0.125
9.717581, OPEN_LOOP, 0.0, 0.0, 4.3318726913359787E-4, -4.3318726913359787E-4, 0.0, 0.0, 0.0, 0.0, 2.6600000858306885, 0.0, 0.0, 0.0, 0.0, 0.0, 0.0, 0.0, 0.0, 0.0, 0.0, 0.0, 0.0, 0.125, 0.125
9.738759, OPEN_LOOP, 0.0, 0.0, 4.3318726913359787E-4, -4.3318726913359787E-4, 0.0, 0.0, 0.0, 0.0, 2.619999885559082, 0.0, 0.0, 0.0, 0.0, 0.0, 0.0, 0.0, 0.0, 0.0, 0.0, 0.0, 0.0, 0.125, 0.125
9.762172999999999, OPEN_LOOP, 0.0, 0.0, 4.3318726913359787E-4, -4.3318726913359787E-4, 0.0, 0.0, 0.0, 0.0, 2.5899999141693115, 0.0, 0.0, 0.0, 0.0, 0.0, 0.0, 0.0, 0.0, 0.0, 0.0, 0.0, 0.0, 0.125, 0.125
9.79721, OPEN_LOOP, 0.0, 0.0, 4.3318726913359787E-4, -4.3318726913359787E-4, 0.0, 0.0, 0.0, 0.0, 2.609999895095825, 0.0, 0.0, 0.0, 0.0, 0.0, 0.0, 0.0, 0.0, 0.0, 0.0, 0.0, 0.0, 0.125, 0.125
9.820518, OPEN_LOOP, 0.0, 0.0, 4.3318726913359787E-4, -4.3318726913359787E-4, 0.0, 0.0, 0.0, 0.0, 2.630000114440918, 0.0, 0.0, 0.0, 0.0, 0.0, 0.0, 0.0, 0.0, 0.0, 0.0, 0.0, 0.0, 0.125, 0.125
9.858157, OPEN_LOOP, 0.0, 0.0, 4.3318726913359787E-4, -4.3318726913359787E-4, 0.0, 0.0, 0.0, 0.0, 2.640000104904175, 0.0, 0.0, 0.0, 0.0, 0.0, 0.0, 0.0, 0.0, 0.0, 0.0, 0.0, 0.0, 0.125, 0.125
9.898465, OPEN_LOOP, 0.0, 0.0, 4.3318726913359787E-4, -4.3318726913359787E-4, 0.0, 0.0, 0.0, 0.0, 2.6600000858306885, 0.0, 0.0, 0.0, 0.0, 0.0, 0.0, 0.0, 0.0, 0.0, 0.0, 0.0, 0.0, 0.125, 0.125
9.922972999999999, OPEN_LOOP, 0.0, 0.0, 4.3318726913359787E-4, -4.3318726913359787E-4, 0.0, 0.0, 0.0, 0.0, 2.690000057220459, 0.0, 0.0, 0.0, 0.0, 0.0, 0.0, 0.0, 0.0, 0.0, 0.0, 0.0, 0.0, 0.125, 0.125
9.957889, OPEN_LOOP, 0.0, 0.0, 4.3318726913359787E-4, -4.3318726913359787E-4, 0.0, 0.0, 0.0, 0.0, 2.740000009536743, 0.0, 0.0, 0.0, 0.0, 0.0, 0.0, 0.0, 0.0, 0.0, 0.0, 0.0, 0.0, 0.125, 0.125
9.982880999999999, OPEN_LOOP, 0.0, 0.0, 4.3318726913359787E-4, -4.3318726913359787E-4, 0.0, 0.0, 0.0, 0.0, 2.7699999809265137, 0.0, 0.0, 0.0, 0.0, 0.0, 0.0, 0.0, 0.0, 0.0, 0.0, 0.0, 0.0, 0.125, 0.125
10.017403999999999, OPEN_LOOP, 0.0, 0.0, 4.3318726913359787E-4, -4.3318726913359787E-4, 0.0, 0.0, 0.0, 0.0, 2.8299999237060547, 0.0, 0.0, 0.0, 0.0, 0.0, 0.0, 0.0, 0.0, 0.0, 0.0, 0.0, 0.0, 0.125, 0.125
10.0402, OPEN_LOOP, 0.0, 0.0, 4.3318726913359787E-4, -4.3318726913359787E-4, 0.0, 0.0, 0.0, 0.0, 2.8399999141693115, 0.0, 0.0, 0.0, 0.0, 0.0, 0.0, 0.0, 0.0, 0.0, 0.0, 0.0, 0.0, 0.125, 0.125
10.077632999999999, OPEN_LOOP, 0.0, 0.0, 4.3318726913359787E-4, -4.3318726913359787E-4, 0.0, 0.0, 0.0, 0.0, 2.880000114440918, 0.0, 0.0, 0.0, 0.0, 0.0, 0.0, 0.0, 0.0, 0.0, 0.0, 0.0, 0.0, 0.125, 0.125
10.1032, OPEN_LOOP, 0.0, 0.0, 4.3318726913359787E-4, -4.3318726913359787E-4, 0.0, 0.0, 0.0, 0.0, 2.9000000953674316, 0.0, 0.0, 0.0, 0.0, 0.0, 0.0, 0.0, 0.0, 0.0, 0.0, 0.0, 0.0, 0.125, 0.125
10.138425999999999, OPEN_LOOP, 0.0, 0.0, 4.3318726913359787E-4, -4.3318726913359787E-4, 0.0, 0.0, 0.0, 0.0, 2.819999933242798, 0.0, 0.0, 0.0, 0.0, 0.0, 0.0, 0.0, 0.0, 0.0, 0.0, 0.0, 0.0, 0.125, 0.125
10.162034, OPEN_LOOP, 0.0, 0.0, 4.3318726913359787E-4, -4.3318726913359787E-4, 0.0, 0.0, 0.0, 0.0, 2.809999942779541, 0.0, 0.0, 0.0, 0.0, 0.0, 0.0, 0.0, 0.0, 0.0, 0.0, 0.0, 0.0, 0.125, 0.125
10.197655, OPEN_LOOP, 0.0, 0.0, 4.3318726913359787E-4, -4.3318726913359787E-4, 0.0, 0.0, 0.0, 0.0, 2.809999942779541, 0.0, 0.0, 0.0, 0.0, 0.0, 0.0, 0.0, 0.0, 0.0, 0.0, 0.0, 0.0, 0.125, 0.125
10.221511999999999, OPEN_LOOP, 0.0, 0.0, 4.3318726913359787E-4, -4.3318726913359787E-4, 0.0, 0.0, 0.0, 0.0, 2.809999942779541, 0.0, 0.0, 0.0, 0.0, 0.0, 0.0, 0.0, 0.0, 0.0, 0.0, 0.0, 0.0, 0.125, 0.125
10.257391, OPEN_LOOP, 0.0, 0.0, 4.3318726913359787E-4, -4.3318726913359787E-4, 0.0, 0.0, 0.0, 0.0, 2.8399999141693115, 0.0, 0.0, 0.0, 0.0, 0.0, 0.0, 0.0, 0.0, 0.0, 0.0, 0.0, 0.0, 0.125, 0.125
10.280965, OPEN_LOOP, 0.0, 0.0, 4.3318726913359787E-4, -4.3318726913359787E-4, 0.0, 0.0, 0.0, 0.0, 2.859999895095825, 0.0, 0.0, 0.0, 0.0, 0.0, 0.0, 0.0, 0.0, 0.0, 0.0, 0.0, 0.0, 0.125, 0.125
10.303518, OPEN_LOOP, 0.0, 0.0, 4.3318726913359787E-4, -4.3318726913359787E-4, 0.0, 0.0, 0.0, 0.0, 2.8399999141693115, 0.0, 0.0, 0.0, 0.0, 0.0, 0.0, 0.0, 0.0, 0.0, 0.0, 0.0, 0.0, 0.125, 0.125
10.337475, OPEN_LOOP, 0.0, 0.0, 4.3318726913359787E-4, -4.3318726913359787E-4, 0.0, 0.0, 0.0, 0.0, 2.809999942779541, 0.0, 0.0, 0.0, 0.0, 0.0, 0.0, 0.0, 0.0, 0.0, 0.0, 0.0, 0.0, 0.125, 0.125
10.376873999999999, OPEN_LOOP, 0.0, 0.0, 4.3318726913359787E-4, -4.3318726913359787E-4, 0.0, 0.0, 0.0, 0.0, 2.799999952316284, 0.0, 0.0, 0.0, 0.0, 0.0, 0.0, 0.0, 0.0, 0.0, 0.0, 0.0, 0.0, 0.125, 0.125
10.40179, OPEN_LOOP, 0.0, 0.0, 4.3318726913359787E-4, -4.3318726913359787E-4, 0.0, 0.0, 0.0, 0.0, 2.7699999809265137, 0.0, 0.0, 0.0, 0.0, 0.0, 0.0, 0.0, 0.0, 0.0, 0.0, 0.0, 0.0, 0.125, 0.125
10.437304, OPEN_LOOP, 0.0, 0.0, 4.3318726913359787E-4, -4.3318726913359787E-4, 0.0, 0.0, 0.0, 0.0, 2.75, 0.0, 0.0, 0.0, 0.0, 0.0, 0.0, 0.0, 0.0, 0.0, 0.0, 0.0, 0.0, 0.125, 0.125
10.459548, OPEN_LOOP, 0.0, 0.0, 4.3318726913359787E-4, -4.3318726913359787E-4, 0.0, 0.0, 0.0, 0.0, 2.759999990463257, 0.0, 0.0, 0.0, 0.0, 0.0, 0.0, 0.0, 0.0, 0.0, 0.0, 0.0, 0.0, 0.125, 0.125
10.498230999999999, OPEN_LOOP, 0.0, 0.0, 4.3318726913359787E-4, -4.3318726913359787E-4, 0.0, 0.0, 0.0, 0.0, 2.75, 0.0, 0.0, 0.0, 0.0, 0.0, 0.0, 0.0, 0.0, 0.0, 0.0, 0.0, 0.0, 0.125, 0.125
10.523225, OPEN_LOOP, 0.0, 0.0, 4.3318726913359787E-4, -4.3318726913359787E-4, 0.0, 0.0, 0.0, 0.0, 2.7699999809265137, 0.0, 0.0, 0.0, 0.0, 0.0, 0.0, 0.0, 0.0, 0.0, 0.0, 0.0, 0.0, 0.125, 0.125
10.558033, OPEN_LOOP, 0.0, 0.0, 4.3318726913359787E-4, -4.3318726913359787E-4, 0.0, 0.0, 0.0, 0.0, 2.7799999713897705, 0.0, 0.0, 0.0, 0.0, 0.0, 0.0, 0.0, 0.0, 0.0, 0.0, 0.0, 0.0, 0.125, 0.125
10.583988, OPEN_LOOP, 0.0, 0.0, 4.3318726913359787E-4, -4.3318726913359787E-4, 0.0, 0.0, 0.0, 0.0, 2.7699999809265137, 0.0, 0.0, 0.0, 0.0, 0.0, 0.0, 0.0, 0.0, 0.0, 0.0, 0.0, 0.0, 0.125, 0.125
10.616807999999999, OPEN_LOOP, 0.0, 0.0, 4.3318726913359787E-4, -4.3318726913359787E-4, 0.0, 0.0, 0.0, 0.0, 2.75, 0.0, 0.0, 0.0, 0.0, 0.0, 0.0, 0.0, 0.0, 0.0, 0.0, 0.0, 0.0, 0.125, 0.125
10.642978, OPEN_LOOP, 0.0, 0.0, 4.3318726913359787E-4, -4.3318726913359787E-4, 0.0, 0.0, 0.0, 0.0, 2.740000009536743, 0.0, 0.0, 0.0, 0.0, 0.0, 0.0, 0.0, 0.0, 0.0, 0.0, 0.0, 0.0, 0.125, 0.125
10.678626, OPEN_LOOP, 0.0, 0.0, 4.3318726913359787E-4, -4.3318726913359787E-4, 0.0, 0.0, 0.0, 0.0, 2.7300000190734863, 0.0, 0.0, 0.0, 0.0, 0.0, 0.0, 0.0, 0.0, 0.0, 0.0, 0.0, 0.0, 0.125, 0.125
10.718435999999999, OPEN_LOOP, 0.0, 0.0, 4.3318726913359787E-4, -4.3318726913359787E-4, 0.0, 0.0, 0.0, 0.0, 2.700000047683716, 0.0, 0.0, 0.0, 0.0, 0.0, 0.0, 0.0, 0.0, 0.0, 0.0, 0.0, 0.0, 0.125, 0.125
10.74397, OPEN_LOOP, 0.0, 0.0, 4.3318726913359787E-4, -4.3318726913359787E-4, 0.0, 0.0, 0.0, 0.0, 2.6700000762939453, 0.0, 0.0, 0.0, 0.0, 0.0, 0.0, 0.0, 0.0, 0.0, 0.0, 0.0, 0.0, 0.125, 0.125
10.778005, OPEN_LOOP, 0.0, 0.0, 4.3318726913359787E-4, -4.3318726913359787E-4, 0.0, 0.0, 0.0, 0.0, 2.6500000953674316, 0.0, 0.0, 0.0, 0.0, 0.0, 0.0, 0.0, 0.0, 0.0, 0.0, 0.0, 0.0, 0.125, 0.125
10.817738, OPEN_LOOP, 0.0, 0.0, 4.3318726913359787E-4, -4.3318726913359787E-4, 0.0, 0.0, 0.0, 0.0, 2.6600000858306885, 0.0, 0.0, 0.0, 0.0, 0.0, 0.0, 0.0, 0.0, 0.0, 0.0, 0.0, 0.0, 0.125, 0.125
10.857441, OPEN_LOOP, 0.0, 0.0, 4.3318726913359787E-4, -4.3318726913359787E-4, 0.0, 0.0, 0.0, 0.0, 2.6700000762939453, 0.0, 0.0, 0.0, 0.0, 0.0, 0.0, 0.0, 0.0, 0.0, 0.0, 0.0, 0.0, 0.125, 0.125
10.882209999999999, OPEN_LOOP, 0.0, 0.0, 4.3318726913359787E-4, -4.3318726913359787E-4, 0.0, 0.0, 0.0, 0.0, 2.6700000762939453, 0.0, 0.0, 0.0, 0.0, 0.0, 0.0, 0.0, 0.0, 0.0, 0.0, 0.0, 0.0, 0.125, 0.125
10.917733, OPEN_LOOP, 0.0, 0.0, 4.3318726913359787E-4, -4.3318726913359787E-4, 0.0, 0.0, 0.0, 0.0, 2.6600000858306885, 0.0, 0.0, 0.0, 0.0, 0.0, 0.0, 0.0, 0.0, 0.0, 0.0, 0.0, 0.0, 0.125, 0.125
10.958145, OPEN_LOOP, 0.0, 0.0, 4.3318726913359787E-4, -4.3318726913359787E-4, 0.0, 0.0, 0.0, 0.0, 2.6500000953674316, 0.0, 0.0, 0.0, 0.0, 0.0, 0.0, 0.0, 0.0, 0.0, 0.0, 0.0, 0.0, 0.125, 0.125
11.002329999999999, OPEN_LOOP, 0.0, 0.0, 4.3318726913359787E-4, -4.3318726913359787E-4, 0.0, 0.0, 0.0, 0.0, 2.6600000858306885, 0.0, 0.0, 0.0, 0.0, 0.0, 0.0, 0.0, 0.0, 0.0, 0.0, 0.0, 0.0, 0.125, 0.125
11.037965, OPEN_LOOP, 0.0, 0.0, 4.3318726913359787E-4, -4.3318726913359787E-4, 0.0, 0.0, 0.0, 0.0, 2.6600000858306885, 0.0, 0.0, 0.0, 0.0, 0.0, 0.0, 0.0, 0.0, 0.0, 0.0, 0.0, 0.0, 0.125, 0.125
11.079412, OPEN_LOOP, 0.0, 0.0, 4.3318726913359787E-4, -4.3318726913359787E-4, 0.0, 0.0, 0.0, 0.0, 2.6700000762939453, 0.0, 0.0, 0.0, 0.0, 0.0, 0.0, 0.0, 0.0, 0.0, 0.0, 0.0, 0.0, 0.125, 0.125
11.118769, OPEN_LOOP, 0.0, 0.0, 4.3318726913359787E-4, -4.3318726913359787E-4, 0.0, 0.0, 0.0, 0.0, 2.680000066757202, 0.0, 0.0, 0.0, 0.0, 0.0, 0.0, 0.0, 0.0, 0.0, 0.0, 0.0, 0.0, 0.125, 0.125
11.160471000000001, OPEN_LOOP, 0.0, 0.0, 4.3318726913359787E-4, -4.3318726913359787E-4, 0.0, 0.0, 0.0, 0.0, 2.680000066757202, 0.0, 0.0, 0.0, 0.0, 0.0, 0.0, 0.0, 0.0, 0.0, 0.0, 0.0, 0.0, 0.125, 0.125
11.198439999999998, OPEN_LOOP, 0.0, 0.0, 4.3318726913359787E-4, -4.3318726913359787E-4, 0.0, 0.0, 0.0, 0.0, 2.6700000762939453, 0.0, 0.0, 0.0, 0.0, 0.0, 0.0, 0.0, 0.0, 0.0, 0.0, 0.0, 0.0, 0.125, 0.125
11.238578999999998, OPEN_LOOP, 0.0, 0.0, 4.3318726913359787E-4, -4.3318726913359787E-4, 0.0, 0.0, 0.0, 0.0, 2.680000066757202, 0.0, 0.0, 0.0, 0.0, 0.0, 0.0, 0.0, 0.0, 0.0, 0.0, 0.0, 0.0, 0.125, 0.125
11.277624, OPEN_LOOP, 0.0, 0.0, 4.3318726913359787E-4, -4.3318726913359787E-4, 0.0, 0.0, 0.0, 0.0, 2.7200000286102295, 0.0, 0.0, 0.0, 0.0, 0.0, 0.0, 0.0, 0.0, 0.0, 0.0, 0.0, 0.0, 0.125, 0.125
11.303529000000001, OPEN_LOOP, 0.0, 0.0, 4.3318726913359787E-4, -4.3318726913359787E-4, 0.0, 0.0, 0.0, 0.0, 2.7300000190734863, 0.0, 0.0, 0.0, 0.0, 0.0, 0.0, 0.0, 0.0, 0.0, 0.0, 0.0, 0.0, 0.125, 0.125
11.338324, OPEN_LOOP, 0.0, 0.0, 4.3318726913359787E-4, -4.3318726913359787E-4, 0.0, 0.0, 0.0, 0.0, 2.809999942779541, 0.0, 0.0, 0.0, 0.0, 0.0, 0.0, 0.0, 0.0, 0.0, 0.0, 0.0, 0.0, 0.125, 0.125
11.362523, OPEN_LOOP, 0.0, 0.0, 4.3318726913359787E-4, -4.3318726913359787E-4, 0.0, 0.0, 0.0, 0.0, 2.8399999141693115, 0.0, 0.0, 0.0, 0.0, 0.0, 0.0, 0.0, 0.0, 0.0, 0.0, 0.0, 0.0, 0.125, 0.125
11.39835, OPEN_LOOP, 0.0, 0.0, 4.3318726913359787E-4, -4.3318726913359787E-4, 0.0, 0.0, 0.0, 0.0, 2.9100000858306885, 0.0, 0.0, 0.0, 0.0, 0.0, 0.0, 0.0, 0.0, 0.0, 0.0, 0.0, 0.0, 0.125, 0.125
11.422282, OPEN_LOOP, 0.0, 0.0, 4.3318726913359787E-4, -4.3318726913359787E-4, 0.0, 0.0, 0.0, 0.0, 3.0, 0.0, 0.0, 0.0, 0.0, 0.0, 0.0, 0.0, 0.0, 0.0, 0.0, 0.0, 0.0, 0.125, 0.125
11.456667, OPEN_LOOP, 0.0, 0.0, 4.3318726913359787E-4, -4.3318726913359787E-4, 0.0, 0.0, 0.0, 0.0, 3.0999999046325684, 0.0, 0.0, 0.0, 0.0, 0.0, 0.0, 0.0, 0.0, 0.0, 0.0, 0.0, 0.0, 0.125, 0.125
11.477615, OPEN_LOOP, 0.0, 0.0, 4.3318726913359787E-4, -4.3318726913359787E-4, 0.0, 0.0, 0.0, 0.0, 3.119999885559082, 0.0, 0.0, 0.0, 0.0, 0.0, 0.0, 0.0, 0.0, 0.0, 0.0, 0.0, 0.0, 0.125, 0.125
11.500205999999999, OPEN_LOOP, 0.0, 0.0, 4.3318726913359787E-4, -4.3318726913359787E-4, 0.0, 0.0, 0.0, 0.0, 3.1600000858306885, 0.0, 0.0, 0.0, 0.0, 0.0, 0.0, 0.0, 0.0, 0.0, 0.0, 0.0, 0.0, 0.125, 0.125
11.53875, OPEN_LOOP, 0.0, 0.0, 4.3318726913359787E-4, -4.3318726913359787E-4, 0.0, 0.0, 0.0, 0.0, 3.2799999713897705, 0.0, 0.0, 0.0, 0.0, 0.0, 0.0, 0.0, 0.0, 0.0, 0.0, 0.0, 0.0, 0.125, 0.125
11.563061999999999, OPEN_LOOP, 0.0, 0.0, 4.3318726913359787E-4, -4.3318726913359787E-4, 0.0, 0.0, 0.0, 0.0, 3.3399999141693115, 0.0, 0.0, 0.0, 0.0, 0.0, 0.0, 0.0, 0.0, 0.0, 0.0, 0.0, 0.0, 0.125, 0.125
11.598327999999999, OPEN_LOOP, 0.0, 0.0, 4.3318726913359787E-4, -4.3318726913359787E-4, 0.0, 0.0, 0.0, 0.0, 3.4100000858306885, 0.0, 0.0, 0.0, 0.0, 0.0, 0.0, 0.0, 0.0, 0.0, 0.0, 0.0, 0.0, 0.125, 0.125
11.622288000000001, OPEN_LOOP, 0.0, 0.0, 4.3318726913359787E-4, -4.3318726913359787E-4, 0.0, 0.0, 0.0, 0.0, 3.4700000286102295, 0.0, 0.0, 0.0, 0.0, 0.0, 0.0, 0.0, 0.0, 0.0, 0.0, 0.0, 0.0, 0.125, 0.125
11.658535999999998, OPEN_LOOP, 0.0, 0.0, 4.3318726913359787E-4, -4.3318726913359787E-4, 0.0, 0.0, 0.0, 0.0, 3.5199999809265137, 0.0, 0.0, 0.0, 0.0, 0.0, 0.0, 0.0, 0.0, 0.0, 0.0, 0.0, 0.0, 0.125, 0.125
11.683119000000001, OPEN_LOOP, 0.0, 0.0, 4.3318726913359787E-4, -4.3318726913359787E-4, 0.0, 0.0, 0.0, 0.0, 3.5299999713897705, 0.0, 0.0, 0.0, 0.0, 0.0, 0.0, 0.0, 0.0, 0.0, 0.0, 0.0, 0.0, 0.125, 0.125
11.717443, OPEN_LOOP, 0.0, 0.0, 4.3318726913359787E-4, -4.3318726913359787E-4, 0.0, 0.0, 0.0, 0.0, 3.5399999618530273, 0.0, 0.0, 0.0, 0.0, 0.0, 0.0, 0.0, 0.0, 0.0, 0.0, 0.0, 0.0, 0.125, 0.125
11.741620000000001, OPEN_LOOP, 0.0, 0.0, 4.3318726913359787E-4, -4.3318726913359787E-4, 0.0, 0.0, 0.0, 0.0, 3.5799999237060547, 0.0, 0.0, 0.0, 0.0, 0.0, 0.0, 0.0, 0.0, 0.0, 0.0, 0.0, 0.0, 0.125, 0.125
11.778849000000001, OPEN_LOOP, 0.0, 0.0, 4.3318726913359787E-4, -4.3318726913359787E-4, 0.0, 0.0, 0.0, 0.0, 3.6600000858306885, 0.0, 0.0, 0.0, 0.0, 0.0, 0.0, 0.0, 0.0, 0.0, 0.0, 0.0, 0.0, 0.125, 0.125
11.817954, OPEN_LOOP, 0.0, 0.0, 4.3318726913359787E-4, -4.3318726913359787E-4, 0.0, 0.0, 0.0, 0.0, 3.7699999809265137, 0.0, 0.0, 0.0, 0.0, 0.0, 0.0, 0.0, 0.0, 0.0, 0.0, 0.0, 0.0, 0.125, 0.125
11.842298, OPEN_LOOP, 0.0, 0.0, 4.3318726913359787E-4, -4.3318726913359787E-4, 0.0, 0.0, 0.0, 0.0, 3.8499999046325684, 0.0, 0.0, 0.0, 0.0, 0.0, 0.0, 0.0, 0.0, 0.0, 0.0, 0.0, 0.0, 0.125, 0.125
11.878322, OPEN_LOOP, 0.0, 0.0, 4.3318726913359787E-4, -4.3318726913359787E-4, 0.0, 0.0, 0.0, 0.0, 3.9600000381469727, 0.0, 0.0, 0.0, 0.0, 0.0, 0.0, 0.0, 0.0, 0.0, 0.0, 0.0, 0.0, 0.125, 0.125
11.919034, OPEN_LOOP, 0.0, 0.0, 4.3318726913359787E-4, -4.3318726913359787E-4, 0.0, 0.0, 0.0, 0.0, 4.159999847412109, 0.0, 0.0, 0.0, 0.0, 0.0, 0.0, 0.0, 0.0, 0.0, 0.0, 0.0, 0.0, 0.125, 0.125
11.939772000000001, OPEN_LOOP, 0.0, 0.0, 4.3318726913359787E-4, -4.3318726913359787E-4, 0.0, 0.0, 0.0, 0.0, 4.210000038146973, 0.0, 0.0, 0.0, 0.0, 0.0, 0.0, 0.0, 0.0, 0.0, 0.0, 0.0, 0.0, 0.125, 0.125
11.977539, OPEN_LOOP, 0.0, 0.0, 4.3318726913359787E-4, -4.3318726913359787E-4, 0.0, 0.0, 0.0, 0.0, 4.28000020980835, 0.0, 0.0, 0.0, 0.0, 0.0, 0.0, 0.0, 0.0, 0.0, 0.0, 0.0, 0.0, 0.125, 0.125
12.004459999999998, OPEN_LOOP, 0.0, 0.0, 4.3318726913359787E-4, -4.3318726913359787E-4, 0.0, 0.0, 0.0, 0.0, 4.21999979019165, 0.0, 0.0, 0.0, 0.0, 0.0, 0.0, 0.0, 0.0, 0.0, 0.0, 0.0, 0.0, 0.125, 0.125
12.039359999999999, OPEN_LOOP, 0.0, 0.0, 4.3318726913359787E-4, -4.3318726913359787E-4, 0.0, 0.0, 0.0, 0.0, 4.130000114440918, 0.0, 0.0, 0.0, 0.0, 0.0, 0.0, 0.0, 0.0, 0.0, 0.0, 0.0, 0.0, 0.125, 0.125
12.077625000000001, OPEN_LOOP, 0.0, 0.0, 4.3318726913359787E-4, -4.3318726913359787E-4, 0.0, 0.0, 0.0, 0.0, 3.950000047683716, 0.0, 0.0, 0.0, 0.0, 0.0, 0.0, 0.0, 0.0, 0.0, 0.0, 0.0, 0.0, 0.125, 0.125
12.104326, OPEN_LOOP, 0.0, 0.0, 4.3318726913359787E-4, -4.3318726913359787E-4, 0.0, 0.0, 0.0, 0.0, 3.890000104904175, 0.0, 0.0, 0.0, 0.0, 0.0, 0.0, 0.0, 0.0, 0.0, 0.0, 0.0, 0.0, 0.125, 0.125
12.137643999999998, OPEN_LOOP, 0.0, 0.0, 4.3318726913359787E-4, -4.3318726913359787E-4, 0.0, 0.0, 0.0, 0.0, 3.75, 0.0, 0.0, 0.0, 0.0, 0.0, 0.0, 0.0, 0.0, 0.0, 0.0, 0.0, 0.0, 0.125, 0.125
12.163170999999998, OPEN_LOOP, 0.0, 0.0, 4.3318726913359787E-4, -4.3318726913359787E-4, 0.0, 0.0, 0.0, 0.0, 3.7200000286102295, 0.0, 0.0, 0.0, 0.0, 0.0, 0.0, 0.0, 0.0, 0.0, 0.0, 0.0, 0.0, 0.125, 0.125
12.197239, OPEN_LOOP, 0.0, 0.0, 4.3318726913359787E-4, -4.3318726913359787E-4, 0.0, 0.0, 0.0, 0.0, 3.700000047683716, 0.0, 0.0, 0.0, 0.0, 0.0, 0.0, 0.0, 0.0, 0.0, 0.0, 0.0, 0.0, 0.125, 0.125
12.237537, OPEN_LOOP, 0.0, 0.0, 4.3318726913359787E-4, -4.3318726913359787E-4, 0.0, 0.0, 0.0, 0.0, 3.690000057220459, 0.0, 0.0, 0.0, 0.0, 0.0, 0.0, 0.0, 0.0, 0.0, 0.0, 0.0, 0.0, 0.125, 0.125
12.262792000000001, OPEN_LOOP, 0.0, 0.0, 4.3318726913359787E-4, -4.3318726913359787E-4, 0.0, 0.0, 0.0, 0.0, 3.690000057220459, 0.0, 0.0, 0.0, 0.0, 0.0, 0.0, 0.0, 0.0, 0.0, 0.0, 0.0, 0.0, 0.125, 0.125
12.300351, OPEN_LOOP, 0.0, 0.0, 4.3318726913359787E-4, -4.3318726913359787E-4, 0.0, 0.0, 0.0, 0.0, 3.7300000190734863, 0.0, 0.0, 0.0, 0.0, 0.0, 0.0, 0.0, 0.0, 0.0, 0.0, 0.0, 0.0, 0.125, 0.125
12.338373999999998, OPEN_LOOP, 0.0, 0.0, 4.3318726913359787E-4, -4.3318726913359787E-4, 0.0, 0.0, 0.0, 0.0, 3.8499999046325684, 0.0, 0.0, 0.0, 0.0, 0.0, 0.0, 0.0, 0.0, 0.0, 0.0, 0.0, 0.0, 0.125, 0.125
12.378159, OPEN_LOOP, 0.0, 0.0, 4.3318726913359787E-4, -4.3318726913359787E-4, 0.0, 0.0, 0.0, 0.0, 3.950000047683716, 0.0, 0.0, 0.0, 0.0, 0.0, 0.0, 0.0, 0.0, 0.0, 0.0, 0.0, 0.0, 0.125, 0.125
12.416947, OPEN_LOOP, 0.0, 0.0, 4.3318726913359787E-4, -4.3318726913359787E-4, 0.0, 0.0, 0.0, 0.0, 3.9800000190734863, 0.0, 0.0, 0.0, 0.0, 0.0, 0.0, 0.0, 0.0, 0.0, 0.0, 0.0, 0.0, 0.125, 0.125
12.443273999999999, OPEN_LOOP, 0.0, 0.0, 4.3318726913359787E-4, -4.3318726913359787E-4, 0.0, 0.0, 0.0, 0.0, 4.010000228881836, 0.0, 0.0, 0.0, 0.0, 0.0, 0.0, 0.0, 0.0, 0.0, 0.0, 0.0, 0.0, 0.125, 0.125
12.477858000000001, OPEN_LOOP, 0.0, 0.0, 4.3318726913359787E-4, -4.3318726913359787E-4, 0.0, 0.0, 0.0, 0.0, 4.03000020980835, 0.0, 0.0, 0.0, 0.0, 0.0, 0.0, 0.0, 0.0, 0.0, 0.0, 0.0, 0.0, 0.125, 0.125
12.502637, OPEN_LOOP, 0.0, 0.0, 4.3318726913359787E-4, -4.3318726913359787E-4, 0.0, 0.0, 0.0, 0.0, 4.050000190734863, 0.0, 0.0, 0.0, 0.0, 0.0, 0.0, 0.0, 0.0, 0.0, 0.0, 0.0, 0.0, 0.125, 0.125
12.538238, OPEN_LOOP, 0.0, 0.0, 4.3318726913359787E-4, -4.3318726913359787E-4, 0.0, 0.0, 0.0, 0.0, 4.059999942779541, 0.0, 0.0, 0.0, 0.0, 0.0, 0.0, 0.0, 0.0, 0.0, 0.0, 0.0, 0.0, 0.125, 0.125
12.5637, OPEN_LOOP, 0.0, 0.0, 4.3318726913359787E-4, -4.3318726913359787E-4, 0.0, 0.0, 0.0, 0.0, 4.050000190734863, 0.0, 0.0, 0.0, 0.0, 0.0, 0.0, 0.0, 0.0, 0.0, 0.0, 0.0, 0.0, 0.125, 0.125
12.596235, OPEN_LOOP, 0.0, 0.0, 4.3318726913359787E-4, -4.3318726913359787E-4, 0.0, 0.0, 0.0, 0.0, 4.019999980926514, 0.0, 0.0, 0.0, 0.0, 0.0, 0.0, 0.0, 0.0, 0.0, 0.0, 0.0, 0.0, 0.125, 0.125
12.618341000000001, OPEN_LOOP, 0.0, 0.0, 4.3318726913359787E-4, -4.3318726913359787E-4, 0.0, 0.0, 0.0, 0.0, 3.9600000381469727, 0.0, 0.0, 0.0, 0.0, 0.0, 0.0, 0.0, 0.0, 0.0, 0.0, 0.0, 0.0, 0.125, 0.125
12.639793999999998, OPEN_LOOP, 0.0, 0.0, 4.3318726913359787E-4, -4.3318726913359787E-4, 0.0, 0.0, 0.0, 0.0, 3.9200000762939453, 0.0, 0.0, 0.0, 0.0, 0.0, 0.0, 0.0, 0.0, 0.0, 0.0, 0.0, 0.0, 0.125, 0.125
12.677419, OPEN_LOOP, 0.0, 0.0, 4.3318726913359787E-4, -4.3318726913359787E-4, 0.0, 0.0, 0.0, 0.0, 3.819999933242798, 0.0, 0.0, 0.0, 0.0, 0.0, 0.0, 0.0, 0.0, 0.0, 0.0, 0.0, 0.0, 0.125, 0.125
12.701046999999999, OPEN_LOOP, 0.0, 0.0, 4.3318726913359787E-4, -4.3318726913359787E-4, 0.0, 0.0, 0.0, 0.0, 3.7899999618530273, 0.0, 0.0, 0.0, 0.0, 0.0, 0.0, 0.0, 0.0, 0.0, 0.0, 0.0, 0.0, 0.125, 0.125
12.737744, OPEN_LOOP, 0.0, 0.0, 4.3318726913359787E-4, -4.3318726913359787E-4, 0.0, 0.0, 0.0, 0.0, 3.6600000858306885, 0.0, 0.0, 0.0, 0.0, 0.0, 0.0, 0.0, 0.0, 0.0, 0.0, 0.0, 0.0, 0.125, 0.125
12.777888999999998, OPEN_LOOP, 0.0, 0.0, 4.3318726913359787E-4, -4.3318726913359787E-4, 0.0, 0.0, 0.0, 0.0, 3.5299999713897705, 0.0, 0.0, 0.0, 0.0, 0.0, 0.0, 0.0, 0.0, 0.0, 0.0, 0.0, 0.0, 0.125, 0.125
12.803553999999998, OPEN_LOOP, 0.0, 0.0, 4.3318726913359787E-4, -4.3318726913359787E-4, 0.0, 0.0, 0.0, 0.0, 3.4800000190734863, 0.0, 0.0, 0.0, 0.0, 0.0, 0.0, 0.0, 0.0, 0.0, 0.0, 0.0, 0.0, 0.125, 0.125
12.837592, OPEN_LOOP, 0.0, 0.0, 4.3318726913359787E-4, -4.3318726913359787E-4, 0.0, 0.0, 0.0, 0.0, 3.440000057220459, 0.0, 0.0, 0.0, 0.0, 0.0, 0.0, 0.0, 0.0, 0.0, 0.0, 0.0, 0.0, 0.125, 0.125
12.858892, OPEN_LOOP, 0.0, 0.0, 4.3318726913359787E-4, -4.3318726913359787E-4, 0.0, 0.0, 0.0, 0.0, 3.4600000381469727, 0.0, 0.0, 0.0, 0.0, 0.0, 0.0, 0.0, 0.0, 0.0, 0.0, 0.0, 0.0, 0.125, 0.125
12.898406000000001, OPEN_LOOP, 0.0, 0.0, 4.3318726913359787E-4, -4.3318726913359787E-4, 0.0, 0.0, 0.0, 0.0, 3.430000066757202, 0.0, 0.0, 0.0, 0.0, 0.0, 0.0, 0.0, 0.0, 0.0, 0.0, 0.0, 0.0, 0.125, 0.125
12.919910999999999, OPEN_LOOP, 0.0, 0.0, 4.3318726913359787E-4, -4.3318726913359787E-4, 0.0, 0.0, 0.0, 0.0, 3.430000066757202, 0.0, 0.0, 0.0, 0.0, 0.0, 0.0, 0.0, 0.0, 0.0, 0.0, 0.0, 0.0, 0.125, 0.125
12.957524, OPEN_LOOP, 0.0, 0.0, 4.3318726913359787E-4, -4.3318726913359787E-4, 0.0, 0.0, 0.0, 0.0, 3.4600000381469727, 0.0, 0.0, 0.0, 0.0, 0.0, 0.0, 0.0, 0.0, 0.0, 0.0, 0.0, 0.0, 0.125, 0.125
12.981665, OPEN_LOOP, 0.0, 0.0, 4.3318726913359787E-4, -4.3318726913359787E-4, 0.0, 0.0, 0.0, 0.0, 3.4800000190734863, 0.0, 0.0, 0.0, 0.0, 0.0, 0.0, 0.0, 0.0, 0.0, 0.0, 0.0, 0.0, 0.125, 0.125
13.017291, OPEN_LOOP, 0.0, 0.0, 4.3318726913359787E-4, -4.3318726913359787E-4, 0.0, 0.0, 0.0, 0.0, 3.5, 0.0, 0.0, 0.0, 0.0, 0.0, 0.0, 0.0, 0.0, 0.0, 0.0, 0.0, 0.0, 0.125, 0.125
13.037858, OPEN_LOOP, 0.0, 0.0, 4.3318726913359787E-4, -4.3318726913359787E-4, 0.0, 0.0, 0.0, 0.0, 3.509999990463257, 0.0, 0.0, 0.0, 0.0, 0.0, 0.0, 0.0, 0.0, 0.0, 0.0, 0.0, 0.0, 0.125, 0.125
13.061982, OPEN_LOOP, 0.0, 0.0, 4.3318726913359787E-4, -4.3318726913359787E-4, 0.0, 0.0, 0.0, 0.0, 3.5299999713897705, 0.0, 0.0, 0.0, 0.0, 0.0, 0.0, 0.0, 0.0, 0.0, 0.0, 0.0, 0.0, 0.125, 0.125
13.097873, OPEN_LOOP, 0.0, 0.0, 4.3318726913359787E-4, -4.3318726913359787E-4, 0.0, 0.0, 0.0, 0.0, 3.5399999618530273, 0.0, 0.0, 0.0, 0.0, 0.0, 0.0, 0.0, 0.0, 0.0, 0.0, 0.0, 0.0, 0.125, 0.125
13.121672, OPEN_LOOP, 0.0, 0.0, 4.3318726913359787E-4, -4.3318726913359787E-4, 0.0, 0.0, 0.0, 0.0, 3.5399999618530273, 0.0, 0.0, 0.0, 0.0, 0.0, 0.0, 0.0, 0.0, 0.0, 0.0, 0.0, 0.0, 0.125, 0.125
13.156436, OPEN_LOOP, 0.0, 0.0, 4.3318726913359787E-4, -4.3318726913359787E-4, 0.0, 0.0, 0.0, 0.0, 3.5299999713897705, 0.0, 0.0, 0.0, 0.0, 0.0, 0.0, 0.0, 0.0, 0.0, 0.0, 0.0, 0.0, 0.125, 0.125
13.180003, OPEN_LOOP, 0.0, 0.0, 4.3318726913359787E-4, -4.3318726913359787E-4, 0.0, 0.0, 0.0, 0.0, 3.559999942779541, 0.0, 0.0, 0.0, 0.0, 0.0, 0.0, 0.0, 0.0, 0.0, 0.0, 0.0, 0.0, 0.125, 0.125
13.218070999999998, OPEN_LOOP, 0.0, 0.0, 4.3318726913359787E-4, -4.3318726913359787E-4, 0.0, 0.0, 0.0, 0.0, 3.559999942779541, 0.0, 0.0, 0.0, 0.0, 0.0, 0.0, 0.0, 0.0, 0.0, 0.0, 0.0, 0.0, 0.125, 0.125
13.244971, OPEN_LOOP, 0.0, 0.0, 4.3318726913359787E-4, -4.3318726913359787E-4, 0.0, 0.0, 0.0, 0.0, 3.5299999713897705, 0.0, 0.0, 0.0, 0.0, 0.0, 0.0, 0.0, 0.0, 0.0, 0.0, 0.0, 0.0, 0.125, 0.125
13.283667999999999, OPEN_LOOP, 0.0, 0.0, 4.3318726913359787E-4, -4.3318726913359787E-4, 0.0, 0.0, 0.0, 0.0, 3.5399999618530273, 0.0, 0.0, 0.0, 0.0, 0.0, 0.0, 0.0, 0.0, 0.0, 0.0, 0.0, 0.0, 0.125, 0.125
13.337032, OPEN_LOOP, 0.0, 0.0, 4.3318726913359787E-4, -4.3318726913359787E-4, 0.0, 0.0, 0.0, 0.0, 3.5199999809265137, 0.0, 0.0, 0.0, 0.0, 0.0, 0.0, 0.0, 0.0, 0.0, 0.0, 0.0, 0.0, 0.125, 0.125
13.379771999999999, OPEN_LOOP, 0.0, 0.0, 4.3318726913359787E-4, -4.3318726913359787E-4, 0.0, 0.0, 0.0, 0.0, 3.509999990463257, 0.0, 0.0, 0.0, 0.0, 0.0, 0.0, 0.0, 0.0, 0.0, 0.0, 0.0, 0.0, 0.125, 0.125
13.423167, OPEN_LOOP, 0.0, 0.0, 4.3318726913359787E-4, -4.3318726913359787E-4, 0.0, 0.0, 0.0, 0.0, 3.509999990463257, 0.0, 0.0, 0.0, 0.0, 0.0, 0.0, 0.0, 0.0, 0.0, 0.0, 0.0, 0.0, 0.125, 0.125
13.459539, OPEN_LOOP, 0.0, 0.0, 4.3318726913359787E-4, -4.3318726913359787E-4, 0.0, 0.0, 0.0, 0.0, 3.5, 0.0, 0.0, 0.0, 0.0, 0.0, 0.0, 0.0, 0.0, 0.0, 0.0, 0.0, 0.0, 0.125, 0.125
13.497619, OPEN_LOOP, 0.0, 0.0, 4.3318726913359787E-4, -4.3318726913359787E-4, 0.0, 0.0, 0.0, 0.0, 3.509999990463257, 0.0, 0.0, 0.0, 0.0, 0.0, 0.0, 0.0, 0.0, 0.0, 0.0, 0.0, 0.0, 0.125, 0.125
13.537666999999999, OPEN_LOOP, 0.0, 0.0, 4.3318726913359787E-4, -4.3318726913359787E-4, 0.0, 0.0, 0.0, 0.0, 3.5, 0.0, 0.0, 0.0, 0.0, 0.0, 0.0, 0.0, 0.0, 0.0, 0.0, 0.0, 0.0, 0.125, 0.125
13.57791, OPEN_LOOP, 0.0, 0.0, 4.3318726913359787E-4, -4.3318726913359787E-4, 0.0, 0.0, 0.0, 0.0, 3.5, 0.0, 0.0, 0.0, 0.0, 0.0, 0.0, 0.0, 0.0, 0.0, 0.0, 0.0, 0.0, 0.125, 0.125
13.618368, OPEN_LOOP, 0.0, 0.0, 4.3318726913359787E-4, -4.3318726913359787E-4, 0.0, 0.0, 0.0, 0.0, 3.490000009536743, 0.0, 0.0, 0.0, 0.0, 0.0, 0.0, 0.0, 0.0, 0.0, 0.0, 0.0, 0.0, 0.125, 0.125
13.643436999999999, OPEN_LOOP, 0.0, 0.0, 4.3318726913359787E-4, -4.3318726913359787E-4, 0.0, 0.0, 0.0, 0.0, 3.4800000190734863, 0.0, 0.0, 0.0, 0.0, 0.0, 0.0, 0.0, 0.0, 0.0, 0.0, 0.0, 0.0, 0.125, 0.125
13.679825000000001, OPEN_LOOP, 0.0, 0.0, 4.3318726913359787E-4, -4.3318726913359787E-4, 0.0, 0.0, 0.0, 0.0, 3.4000000953674316, 0.0, 0.0, 0.0, 0.0, 0.0, 0.0, 0.0, 0.0, 0.0, 0.0, 0.0, 0.0, 0.125, 0.125
13.719285, OPEN_LOOP, 0.0, 0.0, 4.3318726913359787E-4, -4.3318726913359787E-4, 0.0, 0.0, 0.0, 0.0, 3.3299999237060547, 0.0, 0.0, 0.0, 0.0, 0.0, 0.0, 0.0, 0.0, 0.0, 0.0, 0.0, 0.0, 0.125, 0.125
13.759014999999998, OPEN_LOOP, 0.0, 0.0, 4.3318726913359787E-4, -4.3318726913359787E-4, 0.0, 0.0, 0.0, 0.0, 3.2699999809265137, 0.0, 0.0, 0.0, 0.0, 0.0, 0.0, 0.0, 0.0, 0.0, 0.0, 0.0, 0.0, 0.125, 0.125
13.798258999999998, OPEN_LOOP, 0.0, 0.0, 4.3318726913359787E-4, -4.3318726913359787E-4, 0.0, 0.0, 0.0, 0.0, 3.259999990463257, 0.0, 0.0, 0.0, 0.0, 0.0, 0.0, 0.0, 0.0, 0.0, 0.0, 0.0, 0.0, 0.125, 0.125
13.83812, OPEN_LOOP, 0.0, 0.0, 4.3318726913359787E-4, -4.3318726913359787E-4, 0.0, 0.0, 0.0, 0.0, 3.299999952316284, 0.0, 0.0, 0.0, 0.0, 0.0, 0.0, 0.0, 0.0, 0.0, 0.0, 0.0, 0.0, 0.125, 0.125
13.879587999999998, OPEN_LOOP, 0.0, 0.0, 4.3318726913359787E-4, -4.3318726913359787E-4, 0.0, 0.0, 0.0, 0.0, 3.390000104904175, 0.0, 0.0, 0.0, 0.0, 0.0, 0.0, 0.0, 0.0, 0.0, 0.0, 0.0, 0.0, 0.125, 0.125
13.903009, OPEN_LOOP, 0.0, 0.0, 4.3318726913359787E-4, -4.3318726913359787E-4, 0.0, 0.0, 0.0, 0.0, 3.5199999809265137, 0.0, 0.0, 0.0, 0.0, 0.0, 0.0, 0.0, 0.0, 0.0, 0.0, 0.0, 0.0, 0.125, 0.125
13.946489, OPEN_LOOP, 0.0, 0.0, 4.3318726913359787E-4, -4.3318726913359787E-4, 0.0, 0.0, 0.0, 0.0, 3.640000104904175, 0.0, 0.0, 0.0, 0.0, 0.0, 0.0, 0.0, 0.0, 0.0, 0.0, 0.0, 0.0, 0.125, 0.125
13.985437000000001, OPEN_LOOP, 0.0, 0.0, 4.3318726913359787E-4, -4.3318726913359787E-4, 0.0, 0.0, 0.0, 0.0, 3.7799999713897705, 0.0, 0.0, 0.0, 0.0, 0.0, 0.0, 0.0, 0.0, 0.0, 0.0, 0.0, 0.0, 0.125, 0.125
14.019219, OPEN_LOOP, 0.0, 0.0, 4.3318726913359787E-4, -4.3318726913359787E-4, 0.0, 0.0, 0.0, 0.0, 3.9000000953674316, 0.0, 0.0, 0.0, 0.0, 0.0, 0.0, 0.0, 0.0, 0.0, 0.0, 0.0, 0.0, 0.125, 0.125
14.057358999999998, OPEN_LOOP, 0.0, 0.0, 4.3318726913359787E-4, -4.3318726913359787E-4, 0.0, 0.0, 0.0, 0.0, 4.090000152587891, 0.0, 0.0, 0.0, 0.0, 0.0, 0.0, 0.0, 0.0, 0.0, 0.0, 0.0, 0.0, 0.125, 0.125
14.083624999999998, OPEN_LOOP, 0.0, 0.0, 4.3318726913359787E-4, -4.3318726913359787E-4, 0.0, 0.0, 0.0, 0.0, 4.239999771118164, 0.0, 0.0, 0.0, 0.0, 0.0, 0.0, 0.0, 0.0, 0.0, 0.0, 0.0, 0.0, 0.125, 0.125
14.121306999999998, OPEN_LOOP, 0.0, 0.0, 4.3318726913359787E-4, -4.3318726913359787E-4, 0.0, 0.0, 0.0, 0.0, 4.289999961853027, 0.0, 0.0, 0.0, 0.0, 0.0, 0.0, 0.0, 0.0, 0.0, 0.0, 0.0, 0.0, 0.125, 0.125
14.157402000000001, OPEN_LOOP, 0.0, 0.0, 4.3318726913359787E-4, -4.3318726913359787E-4, 0.0, 0.0, 0.0, 0.0, 4.400000095367432, 0.0, 0.0, 0.0, 0.0, 0.0, 0.0, 0.0, 0.0, 0.0, 0.0, 0.0, 0.0, 0.125, 0.125
14.182566000000001, OPEN_LOOP, 0.0, 0.0, 4.3318726913359787E-4, -4.3318726913359787E-4, 0.0, 0.0, 0.0, 0.0, 4.449999809265137, 0.0, 0.0, 0.0, 0.0, 0.0, 0.0, 0.0, 0.0, 0.0, 0.0, 0.0, 0.0, 0.125, 0.125
14.219608000000001, OPEN_LOOP, 0.0, 0.0, 4.3318726913359787E-4, -4.3318726913359787E-4, 0.0, 0.0, 0.0, 0.0, 4.559999942779541, 0.0, 0.0, 0.0, 0.0, 0.0, 0.0, 0.0, 0.0, 0.0, 0.0, 0.0, 0.0, 0.125, 0.125
14.256763, OPEN_LOOP, 0.0, 0.0, 4.3318726913359787E-4, -4.3318726913359787E-4, 0.0, 0.0, 0.0, 0.0, 4.690000057220459, 0.0, 0.0, 0.0, 0.0, 0.0, 0.0, 0.0, 0.0, 0.0, 0.0, 0.0, 0.0, 0.125, 0.125
14.298006, OPEN_LOOP, 0.0, 0.0, 4.3318726913359787E-4, -4.3318726913359787E-4, 0.0, 0.0, 0.0, 0.0, 4.809999942779541, 0.0, 0.0, 0.0, 0.0, 0.0, 0.0, 0.0, 0.0, 0.0, 0.0, 0.0, 0.0, 0.125, 0.125
14.337981, OPEN_LOOP, 0.0, 0.0, 4.3318726913359787E-4, -4.3318726913359787E-4, 0.0, 0.0, 0.0, 0.0, 4.920000076293945, 0.0, 0.0, 0.0, 0.0, 0.0, 0.0, 0.0, 0.0, 0.0, 0.0, 0.0, 0.0, 0.125, 0.125
14.363658999999998, OPEN_LOOP, 0.0, 0.0, 4.3318726913359787E-4, -4.3318726913359787E-4, 0.0, 0.0, 0.0, 0.0, 4.980000019073486, 0.0, 0.0, 0.0, 0.0, 0.0, 0.0, 0.0, 0.0, 0.0, 0.0, 0.0, 0.0, 0.125, 0.125
14.403714, OPEN_LOOP, 0.0, 0.0, 4.3318726913359787E-4, -4.3318726913359787E-4, 0.0, 0.0, 0.0, 0.0, 5.019999980926514, 0.0, 0.0, 0.0, 0.0, 0.0, 0.0, 0.0, 0.0, 0.0, 0.0, 0.0, 0.0, 0.125, 0.125
14.442619999999998, OPEN_LOOP, 0.0, 0.0, 4.3318726913359787E-4, -4.3318726913359787E-4, 0.0, 0.0, 0.0, 0.0, 5.010000228881836, 0.0, 0.0, 0.0, 0.0, 0.0, 0.0, 0.0, 0.0, 0.0, 0.0, 0.0, 0.0, 0.125, 0.125
14.478313, OPEN_LOOP, 0.0, 0.0, 4.3318726913359787E-4, -4.3318726913359787E-4, 0.0, 0.0, 0.0, 0.0, 4.989999771118164, 0.0, 0.0, 0.0, 0.0, 0.0, 0.0, 0.0, 0.0, 0.0, 0.0, 0.0, 0.0, 0.125, 0.125
14.524168, OPEN_LOOP, 0.0, 0.0, 4.3318726913359787E-4, -4.3318726913359787E-4, 0.0, 0.0, 0.0, 0.0, 4.909999847412109, 0.0, 0.0, 0.0, 0.0, 0.0, 0.0, 0.0, 0.0, 0.0, 0.0, 0.0, 0.0, 0.125, 0.125
14.562922, OPEN_LOOP, 0.0, 0.0, 4.3318726913359787E-4, -4.3318726913359787E-4, 0.0, 0.0, 0.0, 0.0, 4.849999904632568, 0.0, 0.0, 0.0, 0.0, 0.0, 0.0, 0.0, 0.0, 0.0, 0.0, 0.0, 0.0, 0.125, 0.125
14.599993999999999, OPEN_LOOP, 0.0, 0.0, 4.3318726913359787E-4, -4.3318726913359787E-4, 0.0, 0.0, 0.0, 0.0, 4.840000152587891, 0.0, 0.0, 0.0, 0.0, 0.0, 0.0, 0.0, 0.0, 0.0, 0.0, 0.0, 0.0, 0.125, 0.125
14.637477, OPEN_LOOP, 0.0, 0.0, 4.3318726913359787E-4, -4.3318726913359787E-4, 0.0, 0.0, 0.0, 0.0, 4.869999885559082, 0.0, 0.0, 0.0, 0.0, 0.0, 0.0, 0.0, 0.0, 0.0, 0.0, 0.0, 0.0, 0.125, 0.125
14.678460000000001, OPEN_LOOP, 0.0, 0.0, 4.3318726913359787E-4, -4.3318726913359787E-4, 0.0, 0.0, 0.0, 0.0, 4.920000076293945, 0.0, 0.0, 0.0, 0.0, 0.0, 0.0, 0.0, 0.0, 0.0, 0.0, 0.0, 0.0, 0.125, 0.125
14.717610999999998, OPEN_LOOP, 0.0, 0.0, 4.3318726913359787E-4, -4.3318726913359787E-4, 0.0, 0.0, 0.0, 0.0, 4.929999828338623, 0.0, 0.0, 0.0, 0.0, 0.0, 0.0, 0.0, 0.0, 0.0, 0.0, 0.0, 0.0, 0.125, 0.125
14.757942, OPEN_LOOP, 0.0, 0.0, 4.3318726913359787E-4, -4.3318726913359787E-4, 0.0, 0.0, 0.0, 0.0, 4.909999847412109, 0.0, 0.0, 0.0, 0.0, 0.0, 0.0, 0.0, 0.0, 0.0, 0.0, 0.0, 0.0, 0.125, 0.125
14.797882000000001, OPEN_LOOP, 0.0, 0.0, 4.3318726913359787E-4, -4.3318726913359787E-4, 0.0, 0.0, 0.0, 0.0, 4.889999866485596, 0.0, 0.0, 0.0, 0.0, 0.0, 0.0, 0.0, 0.0, 0.0, 0.0, 0.0, 0.0, 0.125, 0.125
14.838131, OPEN_LOOP, 0.0, 0.0, 4.3318726913359787E-4, -4.3318726913359787E-4, 0.0, 0.0, 0.0, 0.0, 4.880000114440918, 0.0, 0.0, 0.0, 0.0, 0.0, 0.0, 0.0, 0.0, 0.0, 0.0, 0.0, 0.0, 0.125, 0.125
14.878696999999999, OPEN_LOOP, 0.0, 0.0, 4.3318726913359787E-4, -4.3318726913359787E-4, 0.0, 0.0, 0.0, 0.0, 4.889999866485596, 0.0, 0.0, 0.0, 0.0, 0.0, 0.0, 0.0, 0.0, 0.0, 0.0, 0.0, 0.0, 0.125, 0.125
14.920794999999998, OPEN_LOOP, 0.0, 0.0, 4.3318726913359787E-4, -4.3318726913359787E-4, 0.0, 0.0, 0.0, 0.0, 4.920000076293945, 0.0, 0.0, 0.0, 0.0, 0.0, 0.0, 0.0, 0.0, 0.0, 0.0, 0.0, 0.0, 0.125, 0.125
14.958337, OPEN_LOOP, 0.0, 0.0, 4.3318726913359787E-4, -4.3318726913359787E-4, 0.0, 0.0, 0.0, 0.0, 4.960000038146973, 0.0, 0.0, 0.0, 0.0, 0.0, 0.0, 0.0, 0.0, 0.0, 0.0, 0.0, 0.0, 0.125, 0.125
14.983508999999998, OPEN_LOOP, 0.0, 0.0, 4.3318726913359787E-4, -4.3318726913359787E-4, 0.0, 0.0, 0.0, 0.0, 4.989999771118164, 0.0, 0.0, 0.0, 0.0, 0.0, 0.0, 0.0, 0.0, 0.0, 0.0, 0.0, 0.0, 0.125, 0.125
15.022184, OPEN_LOOP, 0.0, 0.0, 4.3318726913359787E-4, -4.3318726913359787E-4, 0.0, 0.0, 0.0, 0.0, 5.070000171661377, 0.0, 0.0, 0.0, 0.0, 0.0, 0.0, 0.0, 0.0, 0.0, 0.0, 0.0, 0.0, 0.125, 0.125
15.058423999999999, OPEN_LOOP, 0.0, 0.0, 4.3318726913359787E-4, -4.3318726913359787E-4, 0.0, 0.0, 0.0, 0.0, 5.090000152587891, 0.0, 0.0, 0.0, 0.0, 0.0, 0.0, 0.0, 0.0, 0.0, 0.0, 0.0, 0.0, 0.125, 0.125
15.084349, OPEN_LOOP, 0.0, 0.0, 4.3318726913359787E-4, -4.3318726913359787E-4, 0.0, 0.0, 0.0, 0.0, 5.059999942779541, 0.0, 0.0, 0.0, 0.0, 0.0, 0.0, 0.0, 0.0, 0.0, 0.0, 0.0, 0.0, 0.125, 0.125
15.117659, OPEN_LOOP, 0.0, 0.0, 4.3318726913359787E-4, -4.3318726913359787E-4, 0.0, 0.0, 0.0, 0.0, 5.110000133514404, 0.0, 0.0, 0.0, 0.0, 0.0, 0.0, 0.0, 0.0, 0.0, 0.0, 0.0, 0.0, 0.125, 0.125
15.143214, OPEN_LOOP, 0.0, 0.0, 4.3318726913359787E-4, -4.3318726913359787E-4, 0.0, 0.0, 0.0, 0.0, 5.289999961853027, 0.0, 0.0, 0.0, 0.0, 0.0, 0.0, 0.0, 0.0, 0.0, 0.0, 0.0, 0.0, 0.125, 0.125
15.177468000000001, OPEN_LOOP, 0.0, 0.0, 4.3318726913359787E-4, -4.3318726913359787E-4, 0.0, 0.0, 0.0, 0.0, 5.510000228881836, 0.0, 0.0, 0.0, 0.0, 0.0, 0.0, 0.0, 0.0, 0.0, 0.0, 0.0, 0.0, 0.125, 0.125
15.203759999999999, OPEN_LOOP, 0.0, 0.0, 4.3318726913359787E-4, -4.3318726913359787E-4, 0.0, 0.0, 0.0, 0.0, 5.679999828338623, 0.0, 0.0, 0.0, 0.0, 0.0, 0.0, 0.0, 0.0, 0.0, 0.0, 0.0, 0.0, 0.125, 0.125
15.239805999999998, OPEN_LOOP, 0.0, 0.0, 4.3318726913359787E-4, -4.3318726913359787E-4, 0.0, 0.0, 0.0, 0.0, 5.78000020980835, 0.0, 0.0, 0.0, 0.0, 0.0, 0.0, 0.0, 0.0, 0.0, 0.0, 0.0, 0.0, 0.125, 0.125
15.280179, OPEN_LOOP, 0.0, 0.0, 4.3318726913359787E-4, -4.3318726913359787E-4, 0.0, 0.0, 0.0, 0.0, 6.0, 0.0, 0.0, 0.0, 0.0, 0.0, 0.0, 0.0, 0.0, 0.0, 0.0, 0.0, 0.0, 0.125, 0.125
15.317975999999998, OPEN_LOOP, 0.0, 0.0, 4.3318726913359787E-4, -4.3318726913359787E-4, 0.0, 0.0, 0.0, 0.0, 6.260000228881836, 0.0, 0.0, 0.0, 0.0, 0.0, 0.0, 0.0, 0.0, 0.0, 0.0, 0.0, 0.0, 0.125, 0.125
15.348308, OPEN_LOOP, 0.0, 0.0, 4.3318726913359787E-4, -4.3318726913359787E-4, 0.0, 0.0, 0.0, 0.0, 6.670000076293945, 0.0, 0.0, 0.0, 0.0, 0.0, 0.0, 0.0, 0.0, 0.0, 0.0, 0.0, 0.0, 0.125, 0.125
15.397458, OPEN_LOOP, 0.0, 0.0, 4.3318726913359787E-4, -4.3318726913359787E-4, 0.0, 0.0, 0.0, 0.0, 7.03000020980835, 0.0, 0.0, 0.0, 0.0, 0.0, 0.0, 0.0, 0.0, 0.0, 0.0, 0.0, 0.0, 0.125, 0.125
15.423224000000001, OPEN_LOOP, 0.0, 0.0, 4.3318726913359787E-4, -4.3318726913359787E-4, 0.0, 0.0, 0.0, 0.0, 7.260000228881836, 0.0, 0.0, 0.0, 0.0, 0.0, 0.0, 0.0, 0.0, 0.0, 0.0, 0.0, 0.0, 0.125, 0.125
15.458576, OPEN_LOOP, 0.0, 0.0, 4.3318726913359787E-4, -4.3318726913359787E-4, 0.0, 0.0, 0.0, 0.0, 7.489999771118164, 0.0, 0.0, 0.0, 0.0, 0.0, 0.0, 0.0, 0.0, 0.0, 0.0, 0.0, 0.0, 0.125, 0.125
15.497042, OPEN_LOOP, 0.0, 0.0, 4.3318726913359787E-4, -4.3318726913359787E-4, 0.0, 0.0, 0.0, 0.0, 7.769999980926514, 0.0, 0.0, 0.0, 0.0, 0.0, 0.0, 0.0, 0.0, 0.0, 0.0, 0.0, 0.0, 0.125, 0.125
15.522613, OPEN_LOOP, 0.0, 0.0, 4.3318726913359787E-4, -4.3318726913359787E-4, 0.0, 0.0, 0.0, 0.0, 7.860000133514404, 0.0, 0.0, 0.0, 0.0, 0.0, 0.0, 0.0, 0.0, 0.0, 0.0, 0.0, 0.0, 0.125, 0.125
15.557466999999999, OPEN_LOOP, 0.0, 0.0, 4.3318726913359787E-4, -4.3318726913359787E-4, 0.0, 0.0, 0.0, 0.0, 8.130000114440918, 0.0, 0.0, 0.0, 0.0, 0.0, 0.0, 0.0, 0.0, 0.0, 0.0, 0.0, 0.0, 0.125, 0.125
15.581862999999998, OPEN_LOOP, 0.0, 0.0, 4.3318726913359787E-4, -4.3318726913359787E-4, 0.0, 0.0, 0.0, 0.0, 8.220000267028809, 0.0, 0.0, 0.0, 0.0, 0.0, 0.0, 0.0, 0.0, 0.0, 0.0, 0.0, 0.0, 0.125, 0.125
15.618725000000001, OPEN_LOOP, 0.0, 0.0, 4.3318726913359787E-4, -4.3318726913359787E-4, 0.0, 0.0, 0.0, 0.0, 8.479999542236328, 0.0, 0.0, 0.0, 0.0, 0.0, 0.0, 0.0, 0.0, 0.0, 0.0, 0.0, 0.0, 0.125, 0.125
15.658204999999999, OPEN_LOOP, 0.0, 0.0, 4.3318726913359787E-4, -4.3318726913359787E-4, 0.0, 0.0, 0.0, 0.0, 8.609999656677246, 0.0, 0.0, 0.0, 0.0, 0.0, 0.0, 0.0, 0.0, 0.0, 0.0, 0.0, 0.0, 0.125, 0.125
15.682929999999999, OPEN_LOOP, 0.0, 0.0, 4.3318726913359787E-4, -4.3318726913359787E-4, 0.0, 0.0, 0.0, 0.0, 8.729999542236328, 0.0, 0.0, 0.0, 0.0, 0.0, 0.0, 0.0, 0.0, 0.0, 0.0, 0.0, 0.0, 0.125, 0.125
15.719836999999998, OPEN_LOOP, 0.0, 0.0, 4.3318726913359787E-4, -4.3318726913359787E-4, 0.0, 0.0, 0.0, 0.0, 8.859999656677246, 0.0, 0.0, 0.0, 0.0, 0.0, 0.0, 0.0, 0.0, 0.0, 0.0, 0.0, 0.0, 0.125, 0.125
15.757489, OPEN_LOOP, 0.0, 0.0, 4.3318726913359787E-4, -4.3318726913359787E-4, 0.0, 0.0, 0.0, 0.0, 8.930000305175781, 0.0, 0.0, 0.0, 0.0, 0.0, 0.0, 0.0, 0.0, 0.0, 0.0, 0.0, 0.0, 0.125, 0.125
15.783432999999999, OPEN_LOOP, 0.0, 0.0, 4.3318726913359787E-4, -4.3318726913359787E-4, 0.0, 0.0, 0.0, 0.0, 8.979999542236328, 0.0, 0.0, 0.0, 0.0, 0.0, 0.0, 0.0, 0.0, 0.0, 0.0, 0.0, 0.0, 0.125, 0.125
15.817143999999999, OPEN_LOOP, 0.0, 0.0, 4.3318726913359787E-4, -4.3318726913359787E-4, 0.0, 0.0, 0.0, 0.0, 9.010000228881836, 0.0, 0.0, 0.0, 0.0, 0.0, 0.0, 0.0, 0.0, 0.0, 0.0, 0.0, 0.0, 0.125, 0.125
15.841657999999999, OPEN_LOOP, 0.0, 0.0, 4.3318726913359787E-4, -4.3318726913359787E-4, 0.0, 0.0, 0.0, 0.0, 9.039999961853027, 0.0, 0.0, 0.0, 0.0, 0.0, 0.0, 0.0, 0.0, 0.0, 0.0, 0.0, 0.0, 0.125, 0.125
15.878315, OPEN_LOOP, 0.0, 0.0, 4.3318726913359787E-4, -4.3318726913359787E-4, 0.0, 0.0, 0.0, 0.0, 9.050000190734863, 0.0, 0.0, 0.0, 0.0, 0.0, 0.0, 0.0, 0.0, 0.0, 0.0, 0.0, 0.0, 0.125, 0.125
15.918508, OPEN_LOOP, 0.0, 0.0, 4.3318726913359787E-4, -4.3318726913359787E-4, 0.0, 0.0, 0.0, 0.0, 9.020000457763672, 0.0, 0.0, 0.0, 0.0, 0.0, 0.0, 0.0, 0.0, 0.0, 0.0, 0.0, 0.0, 0.125, 0.125
15.942516999999999, OPEN_LOOP, 0.0, 0.0, 4.3318726913359787E-4, -4.3318726913359787E-4, 0.0, 0.0, 0.0, 0.0, 9.0, 0.0, 0.0, 0.0, 0.0, 0.0, 0.0, 0.0, 0.0, 0.0, 0.0, 0.0, 0.0, 0.125, 0.125
15.977184999999999, OPEN_LOOP, 0.0, 0.0, 4.3318726913359787E-4, -4.3318726913359787E-4, 0.0, 0.0, 0.0, 0.0, 9.050000190734863, 0.0, 0.0, 0.0, 0.0, 0.0, 0.0, 0.0, 0.0, 0.0, 0.0, 0.0, 0.0, 0.125, 0.125
16.000442, OPEN_LOOP, 0.0, 0.0, 4.3318726913359787E-4, -4.3318726913359787E-4, 0.0, 0.0, 0.0, 0.0, 8.989999771118164, 0.0, 0.0, 0.0, 0.0, 0.0, 0.0, 0.0, 0.0, 0.0, 0.0, 0.0, 0.0, 0.125, 0.125
16.038097999999998, OPEN_LOOP, 0.0, 0.0, 4.3318726913359787E-4, -4.3318726913359787E-4, 0.0, 0.0, 0.0, 0.0, 8.970000267028809, 0.0, 0.0, 0.0, 0.0, 0.0, 0.0, 0.0, 0.0, 0.0, 0.0, 0.0, 0.0, 0.125, 0.125
16.062435, OPEN_LOOP, 0.0, 0.0, 4.3318726913359787E-4, -4.3318726913359787E-4, 0.0, 0.0, 0.0, 0.0, 8.960000038146973, 0.0, 0.0, 0.0, 0.0, 0.0, 0.0, 0.0, 0.0, 0.0, 0.0, 0.0, 0.0, 0.125, 0.125
16.096968, OPEN_LOOP, 0.0, 0.0, 4.3318726913359787E-4, -4.3318726913359787E-4, 0.0, 0.0, 0.0, 0.0, 8.949999809265137, 0.0, 0.0, 0.0, 0.0, 0.0, 0.0, 0.0, 0.0, 0.0, 0.0, 0.0, 0.0, 0.125, 0.125
16.118624999999998, OPEN_LOOP, 0.0, 0.0, 4.3318726913359787E-4, -4.3318726913359787E-4, 0.0, 0.0, 0.0, 0.0, 8.9399995803833, 0.0, 0.0, 0.0, 0.0, 0.0, 0.0, 0.0, 0.0, 0.0, 0.0, 0.0, 0.0, 0.125, 0.125
16.143014, OPEN_LOOP, 0.0, 0.0, 4.3318726913359787E-4, -4.3318726913359787E-4, 0.0, 0.0, 0.0, 0.0, 8.960000038146973, 0.0, 0.0, 0.0, 0.0, 0.0, 0.0, 0.0, 0.0, 0.0, 0.0, 0.0, 0.0, 0.125, 0.125
16.177319999999998, OPEN_LOOP, 0.0, 0.0, 4.3318726913359787E-4, -4.3318726913359787E-4, 0.0, 0.0, 0.0, 0.0, 9.0, 0.0, 0.0, 0.0, 0.0, 0.0, 0.0, 0.0, 0.0, 0.0, 0.0, 0.0, 0.0, 0.125, 0.125
16.199453, OPEN_LOOP, 0.0, 0.0, 4.3318726913359787E-4, -4.3318726913359787E-4, 0.0, 0.0, 0.0, 0.0, 9.020000457763672, 0.0, 0.0, 0.0, 0.0, 0.0, 0.0, 0.0, 0.0, 0.0, 0.0, 0.0, 0.0, 0.125, 0.125
16.236126, OPEN_LOOP, 0.0, 0.0, 4.3318726913359787E-4, -4.3318726913359787E-4, 0.0, 0.0, 0.0, 0.0, 9.050000190734863, 0.0, 0.0, 0.0, 0.0, 0.0, 0.0, 0.0, 0.0, 0.0, 0.0, 0.0, 0.0, 0.125, 0.125
16.277262, OPEN_LOOP, 0.0, 0.0, 4.3318726913359787E-4, -4.3318726913359787E-4, 0.0, 0.0, 0.0, 0.0, 9.069999694824219, 0.0, 0.0, 0.0, 0.0, 0.0, 0.0, 0.0, 0.0, 0.0, 0.0, 0.0, 0.0, 0.125, 0.125
16.299872, OPEN_LOOP, 0.0, 0.0, 4.3318726913359787E-4, -4.3318726913359787E-4, 0.0, 0.0, 0.0, 0.0, 9.069999694824219, 0.0, 0.0, 0.0, 0.0, 0.0, 0.0, 0.0, 0.0, 0.0, 0.0, 0.0, 0.0, 0.125, 0.125
16.337443999999998, OPEN_LOOP, 0.0, 0.0, 4.3318726913359787E-4, -4.3318726913359787E-4, 0.0, 0.0, 0.0, 0.0, 9.0600004196167, 0.0, 0.0, 0.0, 0.0, 0.0, 0.0, 0.0, 0.0, 0.0, 0.0, 0.0, 0.0, 0.125, 0.125
16.360181, OPEN_LOOP, 0.0, 0.0, 4.3318726913359787E-4, -4.3318726913359787E-4, 0.0, 0.0, 0.0, 0.0, 9.029999732971191, 0.0, 0.0, 0.0, 0.0, 0.0, 0.0, 0.0, 0.0, 0.0, 0.0, 0.0, 0.0, 0.125, 0.125
16.384577, OPEN_LOOP, 0.0, 0.0, 4.3318726913359787E-4, -4.3318726913359787E-4, 0.0, 0.0, 0.0, 0.0, 9.020000457763672, 0.0, 0.0, 0.0, 0.0, 0.0, 0.0, 0.0, 0.0, 0.0, 0.0, 0.0, 0.0, 0.125, 0.125
16.418354, OPEN_LOOP, 0.0, 0.0, 4.3318726913359787E-4, -4.3318726913359787E-4, 0.0, 0.0, 0.0, 0.0, 9.0, 0.0, 0.0, 0.0, 0.0, 0.0, 0.0, 0.0, 0.0, 0.0, 0.0, 0.0, 0.0, 0.125, 0.125
16.441625, OPEN_LOOP, 0.0, 0.0, 4.3318726913359787E-4, -4.3318726913359787E-4, 0.0, 0.0, 0.0, 0.0, 8.989999771118164, 0.0, 0.0, 0.0, 0.0, 0.0, 0.0, 0.0, 0.0, 0.0, 0.0, 0.0, 0.0, 0.125, 0.125
16.477602, OPEN_LOOP, 0.0, 0.0, 4.3318726913359787E-4, -4.3318726913359787E-4, 0.0, 0.0, 0.0, 0.0, 8.989999771118164, 0.0, 0.0, 0.0, 0.0, 0.0, 0.0, 0.0, 0.0, 0.0, 0.0, 0.0, 0.0, 0.125, 0.125
16.500104, OPEN_LOOP, 0.0, 0.0, 4.3318726913359787E-4, -4.3318726913359787E-4, 0.0, 0.0, 0.0, 0.0, 8.989999771118164, 0.0, 0.0, 0.0, 0.0, 0.0, 0.0, 0.0, 0.0, 0.0, 0.0, 0.0, 0.0, 0.125, 0.125
16.536531, OPEN_LOOP, 0.0, 0.0, 4.3318726913359787E-4, -4.3318726913359787E-4, 0.0, 0.0, 0.0, 0.0, 8.989999771118164, 0.0, 0.0, 0.0, 0.0, 0.0, 0.0, 0.0, 0.0, 0.0, 0.0, 0.0, 0.0, 0.125, 0.125
16.558101999999998, OPEN_LOOP, 0.0, 0.0, 4.3318726913359787E-4, -4.3318726913359787E-4, 0.0, 0.0, 0.0, 0.0, 8.989999771118164, 0.0, 0.0, 0.0, 0.0, 0.0, 0.0, 0.0, 0.0, 0.0, 0.0, 0.0, 0.0, 0.125, 0.125
16.580452, OPEN_LOOP, 0.0, 0.0, 4.3318726913359787E-4, -4.3318726913359787E-4, 0.0, 0.0, 0.0, 0.0, 9.0, 0.0, 0.0, 0.0, 0.0, 0.0, 0.0, 0.0, 0.0, 0.0, 0.0, 0.0, 0.0, 0.125, 0.125
16.603943, OPEN_LOOP, 0.0, 0.0, 4.3318726913359787E-4, -4.3318726913359787E-4, 0.0, 0.0, 0.0, 0.0, 9.0, 0.0, 0.0, 0.0, 0.0, 0.0, 0.0, 0.0, 0.0, 0.0, 0.0, 0.0, 0.0, 0.125, 0.125
16.63712, OPEN_LOOP, 0.0, 0.0, 4.3318726913359787E-4, -4.3318726913359787E-4, 0.0, 0.0, 0.0, 0.0, 9.0, 0.0, 0.0, 0.0, 0.0, 0.0, 0.0, 0.0, 0.0, 0.0, 0.0, 0.0, 0.0, 0.125, 0.125
16.658005, OPEN_LOOP, 0.0, 0.0, 4.3318726913359787E-4, -4.3318726913359787E-4, 0.0, 0.0, 0.0, 0.0, 8.989999771118164, 0.0, 0.0, 0.0, 0.0, 0.0, 0.0, 0.0, 0.0, 0.0, 0.0, 0.0, 0.0, 0.125, 0.125
16.678744, OPEN_LOOP, 0.0, 0.0, 4.3318726913359787E-4, -4.3318726913359787E-4, 0.0, 0.0, 0.0, 0.0, 8.989999771118164, 0.0, 0.0, 0.0, 0.0, 0.0, 0.0, 0.0, 0.0, 0.0, 0.0, 0.0, 0.0, 0.125, 0.125
16.702907, OPEN_LOOP, 0.0, 0.0, 4.3318726913359787E-4, -4.3318726913359787E-4, 0.0, 0.0, 0.0, 0.0, 8.979999542236328, 0.0, 0.0, 0.0, 0.0, 0.0, 0.0, 0.0, 0.0, 0.0, 0.0, 0.0, 0.0, 0.125, 0.125
16.737585, OPEN_LOOP, 0.0, 0.0, 4.3318726913359787E-4, -4.3318726913359787E-4, 0.0, 0.0, 0.0, 0.0, 8.979999542236328, 0.0, 0.0, 0.0, 0.0, 0.0, 0.0, 0.0, 0.0, 0.0, 0.0, 0.0, 0.0, 0.125, 0.125
16.760263, OPEN_LOOP, 0.0, 0.0, 4.3318726913359787E-4, -4.3318726913359787E-4, 0.0, 0.0, 0.0, 0.0, 8.979999542236328, 0.0, 0.0, 0.0, 0.0, 0.0, 0.0, 0.0, 0.0, 0.0, 0.0, 0.0, 0.0, 0.125, 0.125
16.796624, OPEN_LOOP, 0.0, 0.0, 4.3318726913359787E-4, -4.3318726913359787E-4, 0.0, 0.0, 0.0, 0.0, 8.979999542236328, 0.0, 0.0, 0.0, 0.0, 0.0, 0.0, 0.0, 0.0, 0.0, 0.0, 0.0, 0.0, 0.125, 0.125
16.817905, OPEN_LOOP, 0.0, 0.0, 4.3318726913359787E-4, -4.3318726913359787E-4, 0.0, 0.0, 0.0, 0.0, 8.989999771118164, 0.0, 0.0, 0.0, 0.0, 0.0, 0.0, 0.0, 0.0, 0.0, 0.0, 0.0, 0.0, 0.125, 0.125
16.839417, OPEN_LOOP, 0.0, 0.0, 4.3318726913359787E-4, -4.3318726913359787E-4, 0.0, 0.0, 0.0, 0.0, 8.989999771118164, 0.0, 0.0, 0.0, 0.0, 0.0, 0.0, 0.0, 0.0, 0.0, 0.0, 0.0, 0.0, 0.125, 0.125
16.862657, OPEN_LOOP, 0.0, 0.0, 4.3318726913359787E-4, -4.3318726913359787E-4, 0.0, 0.0, 0.0, 0.0, 8.989999771118164, 0.0, 0.0, 0.0, 0.0, 0.0, 0.0, 0.0, 0.0, 0.0, 0.0, 0.0, 0.0, 0.125, 0.125
16.897904, OPEN_LOOP, 0.0, 0.0, 4.3318726913359787E-4, -4.3318726913359787E-4, 0.0, 0.0, 0.0, 0.0, 8.979999542236328, 0.0, 0.0, 0.0, 0.0, 0.0, 0.0, 0.0, 0.0, 0.0, 0.0, 0.0, 0.0, 0.125, 0.125
16.919494, OPEN_LOOP, 0.0, 0.0, 4.3318726913359787E-4, -4.3318726913359787E-4, 0.0, 0.0, 0.0, 0.0, 8.979999542236328, 0.0, 0.0, 0.0, 0.0, 0.0, 0.0, 0.0, 0.0, 0.0, 0.0, 0.0, 0.0, 0.125, 0.125
16.957231, OPEN_LOOP, 0.0, 0.0, 4.3318726913359787E-4, -4.3318726913359787E-4, 0.0, 0.0, 0.0, 0.0, 8.979999542236328, 0.0, 0.0, 0.0, 0.0, 0.0, 0.0, 0.0, 0.0, 0.0, 0.0, 0.0, 0.0, 0.125, 0.125
16.979815, OPEN_LOOP, 0.0, 0.0, 4.3318726913359787E-4, -4.3318726913359787E-4, 0.0, 0.0, 0.0, 0.0, 8.970000267028809, 0.0, 0.0, 0.0, 0.0, 0.0, 0.0, 0.0, 0.0, 0.0, 0.0, 0.0, 0.0, 0.125, 0.125
17.005276, OPEN_LOOP, 0.0, 0.0, 4.3318726913359787E-4, -4.3318726913359787E-4, 0.0, 0.0, 0.0, 0.0, 8.970000267028809, 0.0, 0.0, 0.0, 0.0, 0.0, 0.0, 0.0, 0.0, 0.0, 0.0, 0.0, 0.0, 0.125, 0.125
17.038686, OPEN_LOOP, 0.0, 0.0, 4.3318726913359787E-4, -4.3318726913359787E-4, 0.0, 0.0, 0.0, 0.0, 8.970000267028809, 0.0, 0.0, 0.0, 0.0, 0.0, 0.0, 0.0, 0.0, 0.0, 0.0, 0.0, 0.0, 0.125, 0.125
17.077612, OPEN_LOOP, 0.0, 0.0, 4.3318726913359787E-4, -4.3318726913359787E-4, 0.0, 0.0, 0.0, 0.0, 8.979999542236328, 0.0, 0.0, 0.0, 0.0, 0.0, 0.0, 0.0, 0.0, 0.0, 0.0, 0.0, 0.0, 0.125, 0.125
17.09975, OPEN_LOOP, 0.0, 0.0, 4.3318726913359787E-4, -4.3318726913359787E-4, 0.0, 0.0, 0.0, 0.0, 8.989999771118164, 0.0, 0.0, 0.0, 0.0, 0.0, 0.0, 0.0, 0.0, 0.0, 0.0, 0.0, 0.0, 0.125, 0.125
17.137439999999998, OPEN_LOOP, 0.0, 0.0, 4.3318726913359787E-4, -4.3318726913359787E-4, 0.0, 0.0, 0.0, 0.0, 8.989999771118164, 0.0, 0.0, 0.0, 0.0, 0.0, 0.0, 0.0, 0.0, 0.0, 0.0, 0.0, 0.0, 0.125, 0.125
17.15989, OPEN_LOOP, 0.0, 0.0, 4.3318726913359787E-4, -4.3318726913359787E-4, 0.0, 0.0, 0.0, 0.0, 8.979999542236328, 0.0, 0.0, 0.0, 0.0, 0.0, 0.0, 0.0, 0.0, 0.0, 0.0, 0.0, 0.0, 0.125, 0.125
17.181023, OPEN_LOOP, 0.0, 0.0, 4.3318726913359787E-4, -4.3318726913359787E-4, 0.0, 0.0, 0.0, 0.0, 8.989999771118164, 0.0, 0.0, 0.0, 0.0, 0.0, 0.0, 0.0, 0.0, 0.0, 0.0, 0.0, 0.0, 0.125, 0.125
17.216737, OPEN_LOOP, 0.0, 0.0, 4.3318726913359787E-4, -4.3318726913359787E-4, 0.0, 0.0, 0.0, 0.0, 9.010000228881836, 0.0, 0.0, 0.0, 0.0, 0.0, 0.0, 0.0, 0.0, 0.0, 0.0, 0.0, 0.0, 0.125, 0.125
17.238725, OPEN_LOOP, 0.0, 0.0, 4.3318726913359787E-4, -4.3318726913359787E-4, 0.0, 0.0, 0.0, 0.0, 9.0, 0.0, 0.0, 0.0, 0.0, 0.0, 0.0, 0.0, 0.0, 0.0, 0.0, 0.0, 0.0, 0.125, 0.125
17.26234, OPEN_LOOP, 0.0, 0.0, 4.3318726913359787E-4, -4.3318726913359787E-4, 0.0, 0.0, 0.0, 0.0, 8.930000305175781, 0.0, 0.0, 0.0, 0.0, 0.0, 0.0, 0.0, 0.0, 0.0, 0.0, 0.0, 0.0, 0.125, 0.125
17.297318, OPEN_LOOP, 0.0, 0.0, 4.3318726913359787E-4, -4.3318726913359787E-4, 0.0, 0.0, 0.0, 0.0, 8.920000076293945, 0.0, 0.0, 0.0, 0.0, 0.0, 0.0, 0.0, 0.0, 0.0, 0.0, 0.0, 0.0, 0.125, 0.125
17.317961, OPEN_LOOP, 0.0, 0.0, 4.3318726913359787E-4, -4.3318726913359787E-4, 0.0, 0.0, 0.0, 0.0, 8.899999618530273, 0.0, 0.0, 0.0, 0.0, 0.0, 0.0, 0.0, 0.0, 0.0, 0.0, 0.0, 0.0, 0.125, 0.125
17.341501, OPEN_LOOP, 0.0, 0.0, 4.3318726913359787E-4, -4.3318726913359787E-4, 0.0, 0.0, 0.0, 0.0, 8.880000114440918, 0.0, 0.0, 0.0, 0.0, 0.0, 0.0, 0.0, 0.0, 0.0, 0.0, 0.0, 0.0, 0.125, 0.125
17.377019999999998, OPEN_LOOP, 0.0, 0.0, 4.3318726913359787E-4, -4.3318726913359787E-4, 0.0, 0.0, 0.0, 0.0, 8.869999885559082, 0.0, 0.0, 0.0, 0.0, 0.0, 0.0, 0.0, 0.0, 0.0, 0.0, 0.0, 0.0, 0.125, 0.125
17.398713, OPEN_LOOP, 0.0, 0.0, 4.3318726913359787E-4, -4.3318726913359787E-4, 0.0, 0.0, 0.0, 0.0, 8.869999885559082, 0.0, 0.0, 0.0, 0.0, 0.0, 0.0, 0.0, 0.0, 0.0, 0.0, 0.0, 0.0, 0.125, 0.125
17.436434, OPEN_LOOP, 0.0, 0.0, 4.3318726913359787E-4, -4.3318726913359787E-4, 0.0, 0.0, 0.0, 0.0, 8.890000343322754, 0.0, 0.0, 0.0, 0.0, 0.0, 0.0, 0.0, 0.0, 0.0, 0.0, 0.0, 0.0, 0.125, 0.125
17.458192999999998, OPEN_LOOP, 0.0, 0.0, 4.3318726913359787E-4, -4.3318726913359787E-4, 0.0, 0.0, 0.0, 0.0, 8.859999656677246, 0.0, 0.0, 0.0, 0.0, 0.0, 0.0, 0.0, 0.0, 0.0, 0.0, 0.0, 0.0, 0.125, 0.125
17.482628, OPEN_LOOP, 0.0, 0.0, 4.3318726913359787E-4, -4.3318726913359787E-4, 0.0, 0.0, 0.0, 0.0, 8.819999694824219, 0.0, 0.0, 0.0, 0.0, 0.0, 0.0, 0.0, 0.0, 0.0, 0.0, 0.0, 0.0, 0.125, 0.125
17.517184, OPEN_LOOP, 0.0, 0.0, 4.3318726913359787E-4, -4.3318726913359787E-4, 0.0, 0.0, 0.0, 0.0, 8.819999694824219, 0.0, 0.0, 0.0, 0.0, 0.0, 0.0, 0.0, 0.0, 0.0, 0.0, 0.0, 0.0, 0.125, 0.125
17.537721, OPEN_LOOP, 0.0, 0.0, 4.3318726913359787E-4, -4.3318726913359787E-4, 0.0, 0.0, 0.0, 0.0, 8.8100004196167, 0.0, 0.0, 0.0, 0.0, 0.0, 0.0, 0.0, 0.0, 0.0, 0.0, 0.0, 0.0, 0.125, 0.125
17.56156, OPEN_LOOP, 0.0, 0.0, 4.3318726913359787E-4, -4.3318726913359787E-4, 0.0, 0.0, 0.0, 0.0, 8.779999732971191, 0.0, 0.0, 0.0, 0.0, 0.0, 0.0, 0.0, 0.0, 0.0, 0.0, 0.0, 0.0, 0.125, 0.125
17.5972, OPEN_LOOP, 0.0, 0.0, 4.3318726913359787E-4, -4.3318726913359787E-4, 0.0, 0.0, 0.0, 0.0, 8.760000228881836, 0.0, 0.0, 0.0, 0.0, 0.0, 0.0, 0.0, 0.0, 0.0, 0.0, 0.0, 0.0, 0.125, 0.125
17.621019, OPEN_LOOP, 0.0, 0.0, 4.3318726913359787E-4, -4.3318726913359787E-4, 0.0, 0.0, 0.0, 0.0, 8.75, 0.0, 0.0, 0.0, 0.0, 0.0, 0.0, 0.0, 0.0, 0.0, 0.0, 0.0, 0.0, 0.125, 0.125
17.656986, OPEN_LOOP, 0.0, 0.0, 4.3318726913359787E-4, -4.3318726913359787E-4, 0.0, 0.0, 0.0, 0.0, 8.720000267028809, 0.0, 0.0, 0.0, 0.0, 0.0, 0.0, 0.0, 0.0, 0.0, 0.0, 0.0, 0.0, 0.125, 0.125
17.678389, OPEN_LOOP, 0.0, 0.0, 4.3318726913359787E-4, -4.3318726913359787E-4, 0.0, 0.0, 0.0, 0.0, 8.699999809265137, 0.0, 0.0, 0.0, 0.0, 0.0, 0.0, 0.0, 0.0, 0.0, 0.0, 0.0, 0.0, 0.125, 0.125
17.700478999999998, OPEN_LOOP, 0.0, 0.0, 4.3318726913359787E-4, -4.3318726913359787E-4, 0.0, 0.0, 0.0, 0.0, 8.6899995803833, 0.0, 0.0, 0.0, 0.0, 0.0, 0.0, 0.0, 0.0, 0.0, 0.0, 0.0, 0.0, 0.125, 0.125
17.72268, OPEN_LOOP, 0.0, 0.0, 4.3318726913359787E-4, -4.3318726913359787E-4, 0.0, 0.0, 0.0, 0.0, 8.699999809265137, 0.0, 0.0, 0.0, 0.0, 0.0, 0.0, 0.0, 0.0, 0.0, 0.0, 0.0, 0.0, 0.125, 0.125
17.758396, OPEN_LOOP, 0.0, 0.0, 4.3318726913359787E-4, -4.3318726913359787E-4, 0.0, 0.0, 0.0, 0.0, 8.699999809265137, 0.0, 0.0, 0.0, 0.0, 0.0, 0.0, 0.0, 0.0, 0.0, 0.0, 0.0, 0.0, 0.125, 0.125
17.797484999999998, OPEN_LOOP, 0.0, 0.0, 4.3318726913359787E-4, -4.3318726913359787E-4, 0.0, 0.0, 0.0, 0.0, 8.699999809265137, 0.0, 0.0, 0.0, 0.0, 0.0, 0.0, 0.0, 0.0, 0.0, 0.0, 0.0, 0.0, 0.125, 0.125
17.821485, OPEN_LOOP, 0.0, 0.0, 4.3318726913359787E-4, -4.3318726913359787E-4, 0.0, 0.0, 0.0, 0.0, 8.710000038146973, 0.0, 0.0, 0.0, 0.0, 0.0, 0.0, 0.0, 0.0, 0.0, 0.0, 0.0, 0.0, 0.125, 0.125
17.857912, OPEN_LOOP, 0.0, 0.0, 4.3318726913359787E-4, -4.3318726913359787E-4, 0.0, 0.0, 0.0, 0.0, 8.760000228881836, 0.0, 0.0, 0.0, 0.0, 0.0, 0.0, 0.0, 0.0, 0.0, 0.0, 0.0, 0.0, 0.125, 0.125
17.883003, OPEN_LOOP, 0.0, 0.0, 4.3318726913359787E-4, -4.3318726913359787E-4, 0.0, 0.0, 0.0, 0.0, 8.739999771118164, 0.0, 0.0, 0.0, 0.0, 0.0, 0.0, 0.0, 0.0, 0.0, 0.0, 0.0, 0.0, 0.125, 0.125
17.917903, OPEN_LOOP, 0.0, 0.0, 4.3318726913359787E-4, -4.3318726913359787E-4, 0.0, 0.0, 0.0, 0.0, 8.729999542236328, 0.0, 0.0, 0.0, 0.0, 0.0, 0.0, 0.0, 0.0, 0.0, 0.0, 0.0, 0.0, 0.125, 0.125
17.958191, OPEN_LOOP, 0.0, 0.0, 4.3318726913359787E-4, -4.3318726913359787E-4, 0.0, 0.0, 0.0, 0.0, 8.779999732971191, 0.0, 0.0, 0.0, 0.0, 0.0, 0.0, 0.0, 0.0, 0.0, 0.0, 0.0, 0.0, 0.125, 0.125
17.985221, OPEN_LOOP, 0.0, 0.0, 4.3318726913359787E-4, -4.3318726913359787E-4, 0.0, 0.0, 0.0, 0.0, 8.779999732971191, 0.0, 0.0, 0.0, 0.0, 0.0, 0.0, 0.0, 0.0, 0.0, 0.0, 0.0, 0.0, 0.125, 0.125
18.020539, OPEN_LOOP, 0.0, 0.0, 4.3318726913359787E-4, -4.3318726913359787E-4, 0.0, 0.0, 0.0, 0.0, 8.779999732971191, 0.0, 0.0, 0.0, 0.0, 0.0, 0.0, 0.0, 0.0, 0.0, 0.0, 0.0, 0.0, 0.125, 0.125
18.057742, OPEN_LOOP, 0.0, 0.0, 4.3318726913359787E-4, -4.3318726913359787E-4, 0.0, 0.0, 0.0, 0.0, 8.779999732971191, 0.0, 0.0, 0.0, 0.0, 0.0, 0.0, 0.0, 0.0, 0.0, 0.0, 0.0, 0.0, 0.125, 0.125
18.097818, OPEN_LOOP, 0.0, 0.0, 4.3318726913359787E-4, -4.3318726913359787E-4, 0.0, 0.0, 0.0, 0.0, 8.800000190734863, 0.0, 0.0, 0.0, 0.0, 0.0, 0.0, 0.0, 0.0, 0.0, 0.0, 0.0, 0.0, 0.125, 0.125
18.123348, OPEN_LOOP, 0.0, 0.0, 4.3318726913359787E-4, -4.3318726913359787E-4, 0.0, 0.0, 0.0, 0.0, 8.819999694824219, 0.0, 0.0, 0.0, 0.0, 0.0, 0.0, 0.0, 0.0, 0.0, 0.0, 0.0, 0.0, 0.125, 0.125
18.158421, OPEN_LOOP, 0.0, 0.0, 4.3318726913359787E-4, -4.3318726913359787E-4, 0.0, 0.0, 0.0, 0.0, 8.850000381469727, 0.0, 0.0, 0.0, 0.0, 0.0, 0.0, 0.0, 0.0, 0.0, 0.0, 0.0, 0.0, 0.125, 0.125
18.183163999999998, OPEN_LOOP, 0.0, 0.0, 4.3318726913359787E-4, -4.3318726913359787E-4, 0.0, 0.0, 0.0, 0.0, 8.859999656677246, 0.0, 0.0, 0.0, 0.0, 0.0, 0.0, 0.0, 0.0, 0.0, 0.0, 0.0, 0.0, 0.125, 0.125
18.217671, OPEN_LOOP, 0.0, 0.0, 4.3318726913359787E-4, -4.3318726913359787E-4, 0.0, 0.0, 0.0, 0.0, 8.859999656677246, 0.0, 0.0, 0.0, 0.0, 0.0, 0.0, 0.0, 0.0, 0.0, 0.0, 0.0, 0.0, 0.125, 0.125
18.258124, OPEN_LOOP, 0.0, 0.0, 4.3318726913359787E-4, -4.3318726913359787E-4, 0.0, 0.0, 0.0, 0.0, 8.84000015258789, 0.0, 0.0, 0.0, 0.0, 0.0, 0.0, 0.0, 0.0, 0.0, 0.0, 0.0, 0.0, 0.125, 0.125
18.282389, OPEN_LOOP, 0.0, 0.0, 4.3318726913359787E-4, -4.3318726913359787E-4, 0.0, 0.0, 0.0, 0.0, 8.829999923706055, 0.0, 0.0, 0.0, 0.0, 0.0, 0.0, 0.0, 0.0, 0.0, 0.0, 0.0, 0.0, 0.125, 0.125
18.321694, OPEN_LOOP, 0.0, 0.0, 4.3318726913359787E-4, -4.3318726913359787E-4, 0.0, 0.0, 0.0, 0.0, 8.829999923706055, 0.0, 0.0, 0.0, 0.0, 0.0, 0.0, 0.0, 0.0, 0.0, 0.0, 0.0, 0.0, 0.125, 0.125
18.358211, OPEN_LOOP, 0.0, 0.0, 4.3318726913359787E-4, -4.3318726913359787E-4, 0.0, 0.0, 0.0, 0.0, 8.850000381469727, 0.0, 0.0, 0.0, 0.0, 0.0, 0.0, 0.0, 0.0, 0.0, 0.0, 0.0, 0.0, 0.125, 0.125
18.397448, OPEN_LOOP, 0.0, 0.0, 4.3318726913359787E-4, -4.3318726913359787E-4, 0.0, 0.0, 0.0, 0.0, 8.850000381469727, 0.0, 0.0, 0.0, 0.0, 0.0, 0.0, 0.0, 0.0, 0.0, 0.0, 0.0, 0.0, 0.125, 0.125
18.422459, OPEN_LOOP, 0.0, 0.0, 4.3318726913359787E-4, -4.3318726913359787E-4, 0.0, 0.0, 0.0, 0.0, 8.84000015258789, 0.0, 0.0, 0.0, 0.0, 0.0, 0.0, 0.0, 0.0, 0.0, 0.0, 0.0, 0.0, 0.125, 0.125
18.458078, OPEN_LOOP, 0.0, 0.0, 4.3318726913359787E-4, -4.3318726913359787E-4, 0.0, 0.0, 0.0, 0.0, 8.829999923706055, 0.0, 0.0, 0.0, 0.0, 0.0, 0.0, 0.0, 0.0, 0.0, 0.0, 0.0, 0.0, 0.125, 0.125
18.482072, OPEN_LOOP, 0.0, 0.0, 4.3318726913359787E-4, -4.3318726913359787E-4, 0.0, 0.0, 0.0, 0.0, 8.819999694824219, 0.0, 0.0, 0.0, 0.0, 0.0, 0.0, 0.0, 0.0, 0.0, 0.0, 0.0, 0.0, 0.125, 0.125
18.518195, OPEN_LOOP, 0.0, 0.0, 4.3318726913359787E-4, -4.3318726913359787E-4, 0.0, 0.0, 0.0, 0.0, 8.8100004196167, 0.0, 0.0, 0.0, 0.0, 0.0, 0.0, 0.0, 0.0, 0.0, 0.0, 0.0, 0.0, 0.125, 0.125
18.557704, OPEN_LOOP, 0.0, 0.0, 4.3318726913359787E-4, -4.3318726913359787E-4, 0.0, 0.0, 0.0, 0.0, 8.8100004196167, 0.0, 0.0, 0.0, 0.0, 0.0, 0.0, 0.0, 0.0, 0.0, 0.0, 0.0, 0.0, 0.125, 0.125
18.582037, OPEN_LOOP, 0.0, 0.0, 4.3318726913359787E-4, -4.3318726913359787E-4, 0.0, 0.0, 0.0, 0.0, 8.8100004196167, 0.0, 0.0, 0.0, 0.0, 0.0, 0.0, 0.0, 0.0, 0.0, 0.0, 0.0, 0.0, 0.125, 0.125
18.617652, OPEN_LOOP, 0.0, 0.0, 4.3318726913359787E-4, -4.3318726913359787E-4, 0.0, 0.0, 0.0, 0.0, 8.8100004196167, 0.0, 0.0, 0.0, 0.0, 0.0, 0.0, 0.0, 0.0, 0.0, 0.0, 0.0, 0.0, 0.125, 0.125
18.645848, OPEN_LOOP, 0.0, 0.0, 4.3318726913359787E-4, -4.3318726913359787E-4, 0.0, 0.0, 0.0, 0.0, 8.8100004196167, 0.0, 0.0, 0.0, 0.0, 0.0, 0.0, 0.0, 0.0, 0.0, 0.0, 0.0, 0.0, 0.125, 0.125
18.696309, OPEN_LOOP, 0.0, 0.0, 4.3318726913359787E-4, -4.3318726913359787E-4, 0.0, 0.0, 0.0, 0.0, 8.829999923706055, 0.0, 0.0, 0.0, 0.0, 0.0, 0.0, 0.0, 0.0, 0.0, 0.0, 0.0, 0.0, 0.125, 0.125
18.756576, OPEN_LOOP, 0.0, 0.0, 4.3318726913359787E-4, -4.3318726913359787E-4, 0.0, 0.0, 0.0, 0.0, 8.859999656677246, 0.0, 0.0, 0.0, 0.0, 0.0, 0.0, 0.0, 0.0, 0.0, 0.0, 0.0, 0.0, 0.125, 0.125
18.781064, OPEN_LOOP, 0.0, 0.0, 4.3318726913359787E-4, -4.3318726913359787E-4, 0.0, 0.0, 0.0, 0.0, 8.850000381469727, 0.0, 0.0, 0.0, 0.0, 0.0, 0.0, 0.0, 0.0, 0.0, 0.0, 0.0, 0.0, 0.125, 0.125
18.817802, OPEN_LOOP, 0.0, 0.0, 4.3318726913359787E-4, -4.3318726913359787E-4, 0.0, 0.0, 0.0, 0.0, 8.829999923706055, 0.0, 0.0, 0.0, 0.0, 0.0, 0.0, 0.0, 0.0, 0.0, 0.0, 0.0, 0.0, 0.125, 0.125
18.838705, OPEN_LOOP, 0.0, 0.0, 4.3318726913359787E-4, -4.3318726913359787E-4, 0.0, 0.0, 0.0, 0.0, 8.8100004196167, 0.0, 0.0, 0.0, 0.0, 0.0, 0.0, 0.0, 0.0, 0.0, 0.0, 0.0, 0.0, 0.125, 0.125
18.861234, OPEN_LOOP, 0.0, 0.0, 4.3318726913359787E-4, -4.3318726913359787E-4, 0.0, 0.0, 0.0, 0.0, 8.8100004196167, 0.0, 0.0, 0.0, 0.0, 0.0, 0.0, 0.0, 0.0, 0.0, 0.0, 0.0, 0.0, 0.125, 0.125
18.897859, OPEN_LOOP, 0.0, 0.0, 4.3318726913359787E-4, -4.3318726913359787E-4, 0.0, 0.0, 0.0, 0.0, 8.84000015258789, 0.0, 0.0, 0.0, 0.0, 0.0, 0.0, 0.0, 0.0, 0.0, 0.0, 0.0, 0.0, 0.125, 0.125
18.921838, OPEN_LOOP, 0.0, 0.0, 4.3318726913359787E-4, -4.3318726913359787E-4, 0.0, 0.0, 0.0, 0.0, 8.850000381469727, 0.0, 0.0, 0.0, 0.0, 0.0, 0.0, 0.0, 0.0, 0.0, 0.0, 0.0, 0.0, 0.125, 0.125
18.956194, OPEN_LOOP, 0.0, 0.0, 4.3318726913359787E-4, -4.3318726913359787E-4, 0.0, 0.0, 0.0, 0.0, 8.829999923706055, 0.0, 0.0, 0.0, 0.0, 0.0, 0.0, 0.0, 0.0, 0.0, 0.0, 0.0, 0.0, 0.125, 0.125
18.977536, OPEN_LOOP, 0.0, 0.0, 4.3318726913359787E-4, -4.3318726913359787E-4, 0.0, 0.0, 0.0, 0.0, 8.8100004196167, 0.0, 0.0, 0.0, 0.0, 0.0, 0.0, 0.0, 0.0, 0.0, 0.0, 0.0, 0.0, 0.125, 0.125
19.00037, OPEN_LOOP, 0.0, 0.0, 4.3318726913359787E-4, -4.3318726913359787E-4, 0.0, 0.0, 0.0, 0.0, 8.770000457763672, 0.0, 0.0, 0.0, 0.0, 0.0, 0.0, 0.0, 0.0, 0.0, 0.0, 0.0, 0.0, 0.125, 0.125
19.037133, OPEN_LOOP, 0.0, 0.0, 4.3318726913359787E-4, -4.3318726913359787E-4, 0.0, 0.0, 0.0, 0.0, 8.770000457763672, 0.0, 0.0, 0.0, 0.0, 0.0, 0.0, 0.0, 0.0, 0.0, 0.0, 0.0, 0.0, 0.125, 0.125
19.058201, OPEN_LOOP, 0.0, 0.0, 4.3318726913359787E-4, -4.3318726913359787E-4, 0.0, 0.0, 0.0, 0.0, 8.760000228881836, 0.0, 0.0, 0.0, 0.0, 0.0, 0.0, 0.0, 0.0, 0.0, 0.0, 0.0, 0.0, 0.125, 0.125
19.080063, OPEN_LOOP, 0.0, 0.0, 4.3318726913359787E-4, -4.3318726913359787E-4, 0.0, 0.0, 0.0, 0.0, 8.760000228881836, 0.0, 0.0, 0.0, 0.0, 0.0, 0.0, 0.0, 0.0, 0.0, 0.0, 0.0, 0.0, 0.125, 0.125
19.118215, OPEN_LOOP, 0.0, 0.0, 4.3318726913359787E-4, -4.3318726913359787E-4, 0.0, 0.0, 0.0, 0.0, 8.729999542236328, 0.0, 0.0, 0.0, 0.0, 0.0, 0.0, 0.0, 0.0, 0.0, 0.0, 0.0, 0.0, 0.125, 0.125
19.140537, OPEN_LOOP, 0.0, 0.0, 4.3318726913359787E-4, -4.3318726913359787E-4, 0.0, 0.0, 0.0, 0.0, 8.729999542236328, 0.0, 0.0, 0.0, 0.0, 0.0, 0.0, 0.0, 0.0, 0.0, 0.0, 0.0, 0.0, 0.125, 0.125
19.178123, OPEN_LOOP, 0.0, 0.0, 4.3318726913359787E-4, -4.3318726913359787E-4, 0.0, 0.0, 0.0, 0.0, 8.739999771118164, 0.0, 0.0, 0.0, 0.0, 0.0, 0.0, 0.0, 0.0, 0.0, 0.0, 0.0, 0.0, 0.125, 0.125
19.202234, OPEN_LOOP, 0.0, 0.0, 4.3318726913359787E-4, -4.3318726913359787E-4, 0.0, 0.0, 0.0, 0.0, 8.729999542236328, 0.0, 0.0, 0.0, 0.0, 0.0, 0.0, 0.0, 0.0, 0.0, 0.0, 0.0, 0.0, 0.125, 0.125
19.23787, OPEN_LOOP, 0.0, 0.0, 4.3318726913359787E-4, -4.3318726913359787E-4, 0.0, 0.0, 0.0, 0.0, 8.729999542236328, 0.0, 0.0, 0.0, 0.0, 0.0, 0.0, 0.0, 0.0, 0.0, 0.0, 0.0, 0.0, 0.125, 0.125
19.257495, OPEN_LOOP, 0.0, 0.0, 4.3318726913359787E-4, -4.3318726913359787E-4, 0.0, 0.0, 0.0, 0.0, 8.729999542236328, 0.0, 0.0, 0.0, 0.0, 0.0, 0.0, 0.0, 0.0, 0.0, 0.0, 0.0, 0.0, 0.125, 0.125
19.282649, OPEN_LOOP, 0.0, 0.0, 4.3318726913359787E-4, -4.3318726913359787E-4, 0.0, 0.0, 0.0, 0.0, 8.720000267028809, 0.0, 0.0, 0.0, 0.0, 0.0, 0.0, 0.0, 0.0, 0.0, 0.0, 0.0, 0.0, 0.125, 0.125
19.317474, OPEN_LOOP, 0.0, 0.0, 4.3318726913359787E-4, -4.3318726913359787E-4, 0.0, 0.0, 0.0, 0.0, 8.710000038146973, 0.0, 0.0, 0.0, 0.0, 0.0, 0.0, 0.0, 0.0, 0.0, 0.0, 0.0, 0.0, 0.125, 0.125
19.342266, OPEN_LOOP, 0.0, 0.0, 4.3318726913359787E-4, -4.3318726913359787E-4, 0.0, 0.0, 0.0, 0.0, 8.710000038146973, 0.0, 0.0, 0.0, 0.0, 0.0, 0.0, 0.0, 0.0, 0.0, 0.0, 0.0, 0.0, 0.125, 0.125
19.377354, OPEN_LOOP, 0.0, 0.0, 4.3318726913359787E-4, -4.3318726913359787E-4, 0.0, 0.0, 0.0, 0.0, 8.729999542236328, 0.0, 0.0, 0.0, 0.0, 0.0, 0.0, 0.0, 0.0, 0.0, 0.0, 0.0, 0.0, 0.125, 0.125
19.398764, OPEN_LOOP, 0.0, 0.0, 4.3318726913359787E-4, -4.3318726913359787E-4, 0.0, 0.0, 0.0, 0.0, 8.739999771118164, 0.0, 0.0, 0.0, 0.0, 0.0, 0.0, 0.0, 0.0, 0.0, 0.0, 0.0, 0.0, 0.125, 0.125
19.438033, OPEN_LOOP, 0.0, 0.0, 4.3318726913359787E-4, -4.3318726913359787E-4, 0.0, 0.0, 0.0, 0.0, 8.75, 0.0, 0.0, 0.0, 0.0, 0.0, 0.0, 0.0, 0.0, 0.0, 0.0, 0.0, 0.0, 0.125, 0.125
19.462709, OPEN_LOOP, 0.0, 0.0, 4.3318726913359787E-4, -4.3318726913359787E-4, 0.0, 0.0, 0.0, 0.0, 8.760000228881836, 0.0, 0.0, 0.0, 0.0, 0.0, 0.0, 0.0, 0.0, 0.0, 0.0, 0.0, 0.0, 0.125, 0.125
19.498623, OPEN_LOOP, 0.0, 0.0, 4.3318726913359787E-4, -4.3318726913359787E-4, 0.0, 0.0, 0.0, 0.0, 8.800000190734863, 0.0, 0.0, 0.0, 0.0, 0.0, 0.0, 0.0, 0.0, 0.0, 0.0, 0.0, 0.0, 0.125, 0.125
19.537808, OPEN_LOOP, 0.0, 0.0, 4.3318726913359787E-4, -4.3318726913359787E-4, 0.0, 0.0, 0.0, 0.0, 8.789999961853027, 0.0, 0.0, 0.0, 0.0, 0.0, 0.0, 0.0, 0.0, 0.0, 0.0, 0.0, 0.0, 0.125, 0.125
19.563482999999998, OPEN_LOOP, 0.0, 0.0, 4.3318726913359787E-4, -4.3318726913359787E-4, 0.0, 0.0, 0.0, 0.0, 8.789999961853027, 0.0, 0.0, 0.0, 0.0, 0.0, 0.0, 0.0, 0.0, 0.0, 0.0, 0.0, 0.0, 0.125, 0.125
19.597839, OPEN_LOOP, 0.0, 0.0, 4.3318726913359787E-4, -4.3318726913359787E-4, 0.0, 0.0, 0.0, 0.0, 8.800000190734863, 0.0, 0.0, 0.0, 0.0, 0.0, 0.0, 0.0, 0.0, 0.0, 0.0, 0.0, 0.0, 0.125, 0.125
19.622685, OPEN_LOOP, 0.0, 0.0, 4.3318726913359787E-4, -4.3318726913359787E-4, 0.0, 0.0, 0.0, 0.0, 8.8100004196167, 0.0, 0.0, 0.0, 0.0, 0.0, 0.0, 0.0, 0.0, 0.0, 0.0, 0.0, 0.0, 0.125, 0.125
19.659751, OPEN_LOOP, 0.0, 0.0, 4.3318726913359787E-4, -4.3318726913359787E-4, 0.0, 0.0, 0.0, 0.0, 8.8100004196167, 0.0, 0.0, 0.0, 0.0, 0.0, 0.0, 0.0, 0.0, 0.0, 0.0, 0.0, 0.0, 0.125, 0.125
19.697539, OPEN_LOOP, 0.0, 0.0, 4.3318726913359787E-4, -4.3318726913359787E-4, 0.0, 0.0, 0.0, 0.0, 8.800000190734863, 0.0, 0.0, 0.0, 0.0, 0.0, 0.0, 0.0, 0.0, 0.0, 0.0, 0.0, 0.0, 0.125, 0.125
19.721813, OPEN_LOOP, 0.0, 0.0, 4.3318726913359787E-4, -4.3318726913359787E-4, 0.0, 0.0, 0.0, 0.0, 8.800000190734863, 0.0, 0.0, 0.0, 0.0, 0.0, 0.0, 0.0, 0.0, 0.0, 0.0, 0.0, 0.0, 0.125, 0.125
19.757369999999998, OPEN_LOOP, 0.0, 0.0, 4.3318726913359787E-4, -4.3318726913359787E-4, 0.0, 0.0, 0.0, 0.0, 8.789999961853027, 0.0, 0.0, 0.0, 0.0, 0.0, 0.0, 0.0, 0.0, 0.0, 0.0, 0.0, 0.0, 0.125, 0.125
19.781266, OPEN_LOOP, 0.0, 0.0, 4.3318726913359787E-4, -4.3318726913359787E-4, 0.0, 0.0, 0.0, 0.0, 8.789999961853027, 0.0, 0.0, 0.0, 0.0, 0.0, 0.0, 0.0, 0.0, 0.0, 0.0, 0.0, 0.0, 0.125, 0.125
19.834577, OPEN_LOOP, 0.0, 0.0, 4.3318726913359787E-4, -4.3318726913359787E-4, 0.0, 0.0, 0.0, 0.0, 8.779999732971191, 0.0, 0.0, 0.0, 0.0, 0.0, 0.0, 0.0, 0.0, 0.0, 0.0, 0.0, 0.0, 0.125, 0.125
19.876463, OPEN_LOOP, 0.0, 0.0, 4.3318726913359787E-4, -4.3318726913359787E-4, 0.0, 0.0, 0.0, 0.0, 8.770000457763672, 0.0, 0.0, 0.0, 0.0, 0.0, 0.0, 0.0, 0.0, 0.0, 0.0, 0.0, 0.0, 0.125, 0.125
19.901474, OPEN_LOOP, 0.0, 0.0, 4.3318726913359787E-4, -4.3318726913359787E-4, 0.0, 0.0, 0.0, 0.0, 8.770000457763672, 0.0, 0.0, 0.0, 0.0, 0.0, 0.0, 0.0, 0.0, 0.0, 0.0, 0.0, 0.0, 0.125, 0.125
19.937342, OPEN_LOOP, 0.0, 0.0, 4.3318726913359787E-4, -4.3318726913359787E-4, 0.0, 0.0, 0.0, 0.0, 8.760000228881836, 0.0, 0.0, 0.0, 0.0, 0.0, 0.0, 0.0, 0.0, 0.0, 0.0, 0.0, 0.0, 0.125, 0.125
19.960013, OPEN_LOOP, 0.0, 0.0, 4.3318726913359787E-4, -4.3318726913359787E-4, 0.0, 0.0, 0.0, 0.0, 8.729999542236328, 0.0, 0.0, 0.0, 0.0, 0.0, 0.0, 0.0, 0.0, 0.0, 0.0, 0.0, 0.0, 0.125, 0.125
19.997508, OPEN_LOOP, 0.0, 0.0, 4.3318726913359787E-4, -4.3318726913359787E-4, 0.0, 0.0, 0.0, 0.0, 8.699999809265137, 0.0, 0.0, 0.0, 0.0, 0.0, 0.0, 0.0, 0.0, 0.0, 0.0, 0.0, 0.0, 0.125, 0.125
20.023705, OPEN_LOOP, 0.0, 0.0, 4.3318726913359787E-4, -4.3318726913359787E-4, 0.0, 0.0, 0.0, 0.0, 8.670000076293945, 0.0, 0.0, 0.0, 0.0, 0.0, 0.0, 0.0, 0.0, 0.0, 0.0, 0.0, 0.0, 0.125, 0.125
20.057957, OPEN_LOOP, 0.0, 0.0, 4.3318726913359787E-4, -4.3318726913359787E-4, 0.0, 0.0, 0.0, 0.0, 8.600000381469727, 0.0, 0.0, 0.0, 0.0, 0.0, 0.0, 0.0, 0.0, 0.0, 0.0, 0.0, 0.0, 0.125, 0.125
20.080103, OPEN_LOOP, 0.0, 0.0, 4.3318726913359787E-4, -4.3318726913359787E-4, 0.0, 0.0, 0.0, 0.0, 8.579999923706055, 0.0, 0.0, 0.0, 0.0, 0.0, 0.0, 0.0, 0.0, 0.0, 0.0, 0.0, 0.0, 0.125, 0.125
20.117206, OPEN_LOOP, 0.0, 0.0, 4.3318726913359787E-4, -4.3318726913359787E-4, 0.0, 0.0, 0.0, 0.0, 8.550000190734863, 0.0, 0.0, 0.0, 0.0, 0.0, 0.0, 0.0, 0.0, 0.0, 0.0, 0.0, 0.0, 0.125, 0.125
20.138179, OPEN_LOOP, 0.0, 0.0, 4.3318726913359787E-4, -4.3318726913359787E-4, 0.0, 0.0, 0.0, 0.0, 8.529999732971191, 0.0, 0.0, 0.0, 0.0, 0.0, 0.0, 0.0, 0.0, 0.0, 0.0, 0.0, 0.0, 0.125, 0.125
20.161941, OPEN_LOOP, 0.0, 0.0, 4.3318726913359787E-4, -4.3318726913359787E-4, 0.0, 0.0, 0.0, 0.0, 8.529999732971191, 0.0, 0.0, 0.0, 0.0, 0.0, 0.0, 0.0, 0.0, 0.0, 0.0, 0.0, 0.0, 0.125, 0.125
20.19732, OPEN_LOOP, 0.0, 0.0, 4.3318726913359787E-4, -4.3318726913359787E-4, 0.0, 0.0, 0.0, 0.0, 8.699999809265137, 0.0, 0.0, 0.0, 0.0, 0.0, 0.0, 0.0, 0.0, 0.0, 0.0, 0.0, 0.0, 0.125, 0.125
20.236444, OPEN_LOOP, 0.0, 0.0, 4.3318726913359787E-4, -4.3318726913359787E-4, 0.0, 0.0, 0.0, 0.0, 8.699999809265137, 0.0, 0.0, 0.0, 0.0, 0.0, 0.0, 0.0, 0.0, 0.0, 0.0, 0.0, 0.0, 0.125, 0.125
20.257006999999998, OPEN_LOOP, 0.0, 0.0, 4.3318726913359787E-4, -4.3318726913359787E-4, 0.0, 0.0, 0.0, 0.0, 8.720000267028809, 0.0, 0.0, 0.0, 0.0, 0.0, 0.0, 0.0, 0.0, 0.0, 0.0, 0.0, 0.0, 0.125, 0.125
20.278478, OPEN_LOOP, 0.0, 0.0, 4.3318726913359787E-4, -4.3318726913359787E-4, 0.0, 0.0, 0.0, 0.0, 8.75, 0.0, 0.0, 0.0, 0.0, 0.0, 0.0, 0.0, 0.0, 0.0, 0.0, 0.0, 0.0, 0.125, 0.125
20.302197, OPEN_LOOP, 0.0, 0.0, 4.3318726913359787E-4, -4.3318726913359787E-4, 0.0, 0.0, 0.0, 0.0, 8.789999961853027, 0.0, 0.0, 0.0, 0.0, 0.0, 0.0, 0.0, 0.0, 0.0, 0.0, 0.0, 0.0, 0.125, 0.125
20.337907, OPEN_LOOP, 0.0, 0.0, 4.3318726913359787E-4, -4.3318726913359787E-4, 0.0, 0.0, 0.0, 0.0, 8.779999732971191, 0.0, 0.0, 0.0, 0.0, 0.0, 0.0, 0.0, 0.0, 0.0, 0.0, 0.0, 0.0, 0.125, 0.125
20.362376, OPEN_LOOP, 0.0, 0.0, 4.3318726913359787E-4, -4.3318726913359787E-4, 0.0, 0.0, 0.0, 0.0, 8.800000190734863, 0.0, 0.0, 0.0, 0.0, 0.0, 0.0, 0.0, 0.0, 0.0, 0.0, 0.0, 0.0, 0.125, 0.125
20.398208, OPEN_LOOP, 0.0, 0.0, 4.3318726913359787E-4, -4.3318726913359787E-4, 0.0, 0.0, 0.0, 0.0, 8.829999923706055, 0.0, 0.0, 0.0, 0.0, 0.0, 0.0, 0.0, 0.0, 0.0, 0.0, 0.0, 0.0, 0.125, 0.125
20.423673, OPEN_LOOP, 0.0, 0.0, 4.3318726913359787E-4, -4.3318726913359787E-4, 0.0, 0.0, 0.0, 0.0, 8.84000015258789, 0.0, 0.0, 0.0, 0.0, 0.0, 0.0, 0.0, 0.0, 0.0, 0.0, 0.0, 0.0, 0.125, 0.125
20.458355, OPEN_LOOP, 0.0, 0.0, 4.3318726913359787E-4, -4.3318726913359787E-4, 0.0, 0.0, 0.0, 0.0, 8.890000343322754, 0.0, 0.0, 0.0, 0.0, 0.0, 0.0, 0.0, 0.0, 0.0, 0.0, 0.0, 0.0, 0.125, 0.125
20.482762, OPEN_LOOP, 0.0, 0.0, 4.3318726913359787E-4, -4.3318726913359787E-4, 0.0, 0.0, 0.0, 0.0, 8.90999984741211, 0.0, 0.0, 0.0, 0.0, 0.0, 0.0, 0.0, 0.0, 0.0, 0.0, 0.0, 0.0, 0.125, 0.125
20.517363, OPEN_LOOP, 0.0, 0.0, 4.3318726913359787E-4, -4.3318726913359787E-4, 0.0, 0.0, 0.0, 0.0, 8.979999542236328, 0.0, 0.0, 0.0, 0.0, 0.0, 0.0, 0.0, 0.0, 0.0, 0.0, 0.0, 0.0, 0.125, 0.125
20.542226, OPEN_LOOP, 0.0, 0.0, 4.3318726913359787E-4, -4.3318726913359787E-4, 0.0, 0.0, 0.0, 0.0, 9.010000228881836, 0.0, 0.0, 0.0, 0.0, 0.0, 0.0, 0.0, 0.0, 0.0, 0.0, 0.0, 0.0, 0.125, 0.125
20.57855, OPEN_LOOP, 0.0, 0.0, 4.3318726913359787E-4, -4.3318726913359787E-4, 0.0, 0.0, 0.0, 0.0, 9.069999694824219, 0.0, 0.0, 0.0, 0.0, 0.0, 0.0, 0.0, 0.0, 0.0, 0.0, 0.0, 0.0, 0.125, 0.125
20.617839, OPEN_LOOP, 0.0, 0.0, 4.3318726913359787E-4, -4.3318726913359787E-4, 0.0, 0.0, 0.0, 0.0, 9.079999923706055, 0.0, 0.0, 0.0, 0.0, 0.0, 0.0, 0.0, 0.0, 0.0, 0.0, 0.0, 0.0, 0.125, 0.125
20.643492, OPEN_LOOP, 0.0, 0.0, 4.3318726913359787E-4, -4.3318726913359787E-4, 0.0, 0.0, 0.0, 0.0, 9.079999923706055, 0.0, 0.0, 0.0, 0.0, 0.0, 0.0, 0.0, 0.0, 0.0, 0.0, 0.0, 0.0, 0.125, 0.125
20.678031999999998, OPEN_LOOP, 0.0, 0.0, 4.3318726913359787E-4, -4.3318726913359787E-4, 0.0, 0.0, 0.0, 0.0, 9.09000015258789, 0.0, 0.0, 0.0, 0.0, 0.0, 0.0, 0.0, 0.0, 0.0, 0.0, 0.0, 0.0, 0.125, 0.125
20.704374, OPEN_LOOP, 0.0, 0.0, 4.3318726913359787E-4, -4.3318726913359787E-4, 0.0, 0.0, 0.0, 0.0, 9.100000381469727, 0.0, 0.0, 0.0, 0.0, 0.0, 0.0, 0.0, 0.0, 0.0, 0.0, 0.0, 0.0, 0.125, 0.125
20.738286, OPEN_LOOP, 0.0, 0.0, 4.3318726913359787E-4, -4.3318726913359787E-4, 0.0, 0.0, 0.0, 0.0, 9.109999656677246, 0.0, 0.0, 0.0, 0.0, 0.0, 0.0, 0.0, 0.0, 0.0, 0.0, 0.0, 0.0, 0.125, 0.125
20.764386, OPEN_LOOP, 0.0, 0.0, 4.3318726913359787E-4, -4.3318726913359787E-4, 0.0, 0.0, 0.0, 0.0, 9.109999656677246, 0.0, 0.0, 0.0, 0.0, 0.0, 0.0, 0.0, 0.0, 0.0, 0.0, 0.0, 0.0, 0.125, 0.125
20.801949, OPEN_LOOP, 0.0, 0.0, 4.3318726913359787E-4, -4.3318726913359787E-4, 0.0, 0.0, 0.0, 0.0, 9.079999923706055, 0.0, 0.0, 0.0, 0.0, 0.0, 0.0, 0.0, 0.0, 0.0, 0.0, 0.0, 0.0, 0.125, 0.125
20.838142, OPEN_LOOP, 0.0, 0.0, 4.3318726913359787E-4, -4.3318726913359787E-4, 0.0, 0.0, 0.0, 0.0, 9.069999694824219, 0.0, 0.0, 0.0, 0.0, 0.0, 0.0, 0.0, 0.0, 0.0, 0.0, 0.0, 0.0, 0.125, 0.125
20.878408, OPEN_LOOP, 0.0, 0.0, 4.3318726913359787E-4, -4.3318726913359787E-4, 0.0, 0.0, 0.0, 0.0, 9.0600004196167, 0.0, 0.0, 0.0, 0.0, 0.0, 0.0, 0.0, 0.0, 0.0, 0.0, 0.0, 0.0, 0.125, 0.125
20.918136, OPEN_LOOP, 0.0, 0.0, 4.3318726913359787E-4, -4.3318726913359787E-4, 0.0, 0.0, 0.0, 0.0, 9.0600004196167, 0.0, 0.0, 0.0, 0.0, 0.0, 0.0, 0.0, 0.0, 0.0, 0.0, 0.0, 0.0, 0.125, 0.125
20.958082, OPEN_LOOP, 0.0, 0.0, 4.3318726913359787E-4, -4.3318726913359787E-4, 0.0, 0.0, 0.0, 0.0, 9.029999732971191, 0.0, 0.0, 0.0, 0.0, 0.0, 0.0, 0.0, 0.0, 0.0, 0.0, 0.0, 0.0, 0.125, 0.125
20.999502, OPEN_LOOP, 0.0, 0.0, 4.3318726913359787E-4, -4.3318726913359787E-4, 0.0, 0.0, 0.0, 0.0, 9.020000457763672, 0.0, 0.0, 0.0, 0.0, 0.0, 0.0, 0.0, 0.0, 0.0, 0.0, 0.0, 0.0, 0.125, 0.125
21.039103, OPEN_LOOP, 0.0, 0.0, 4.3318726913359787E-4, -4.3318726913359787E-4, 0.0, 0.0, 0.0, 0.0, 8.930000305175781, 0.0, 0.0, 0.0, 0.0, 0.0, 0.0, 0.0, 0.0, 0.0, 0.0, 0.0, 0.0, 0.125, 0.125
21.077422, OPEN_LOOP, 0.0, 0.0, 4.3318726913359787E-4, -4.3318726913359787E-4, 0.0, 0.0, 0.0, 0.0, 8.800000190734863, 0.0, 0.0, 0.0, 0.0, 0.0, 0.0, 0.0, 0.0, 0.0, 0.0, 0.0, 0.0, 0.125, 0.125
21.100993, OPEN_LOOP, 0.0, 0.0, 4.3318726913359787E-4, -4.3318726913359787E-4, 0.0, 0.0, 0.0, 0.0, 8.770000457763672, 0.0, 0.0, 0.0, 0.0, 0.0, 0.0, 0.0, 0.0, 0.0, 0.0, 0.0, 0.0, 0.125, 0.125
21.137885999999998, OPEN_LOOP, 0.0, 0.0, 4.3318726913359787E-4, -4.3318726913359787E-4, 0.0, 0.0, 0.0, 0.0, 8.779999732971191, 0.0, 0.0, 0.0, 0.0, 0.0, 0.0, 0.0, 0.0, 0.0, 0.0, 0.0, 0.0, 0.125, 0.125
21.177501, OPEN_LOOP, 0.0, 0.0, 4.3318726913359787E-4, -4.3318726913359787E-4, 0.0, 0.0, 0.0, 0.0, 8.84000015258789, 0.0, 0.0, 0.0, 0.0, 0.0, 0.0, 0.0, 0.0, 0.0, 0.0, 0.0, 0.0, 0.125, 0.125
21.217653, OPEN_LOOP, 0.0, 0.0, 4.3318726913359787E-4, -4.3318726913359787E-4, 0.0, 0.0, 0.0, 0.0, 8.859999656677246, 0.0, 0.0, 0.0, 0.0, 0.0, 0.0, 0.0, 0.0, 0.0, 0.0, 0.0, 0.0, 0.125, 0.125
21.258204, OPEN_LOOP, 0.0, 0.0, 4.3318726913359787E-4, -4.3318726913359787E-4, 0.0, 0.0, 0.0, 0.0, 8.890000343322754, 0.0, 0.0, 0.0, 0.0, 0.0, 0.0, 0.0, 0.0, 0.0, 0.0, 0.0, 0.0, 0.125, 0.125
21.298255, OPEN_LOOP, 0.0, 0.0, 4.3318726913359787E-4, -4.3318726913359787E-4, 0.0, 0.0, 0.0, 0.0, 8.949999809265137, 0.0, 0.0, 0.0, 0.0, 0.0, 0.0, 0.0, 0.0, 0.0, 0.0, 0.0, 0.0, 0.125, 0.125
21.337335, OPEN_LOOP, 0.0, 0.0, 4.3318726913359787E-4, -4.3318726913359787E-4, 0.0, 0.0, 0.0, 0.0, 9.0, 0.0, 0.0, 0.0, 0.0, 0.0, 0.0, 0.0, 0.0, 0.0, 0.0, 0.0, 0.0, 0.125, 0.125
21.379832999999998, OPEN_LOOP, 0.0, 0.0, 4.3318726913359787E-4, -4.3318726913359787E-4, 0.0, 0.0, 0.0, 0.0, 9.069999694824219, 0.0, 0.0, 0.0, 0.0, 0.0, 0.0, 0.0, 0.0, 0.0, 0.0, 0.0, 0.0, 0.125, 0.125
21.417699, OPEN_LOOP, 0.0, 0.0, 4.3318726913359787E-4, -4.3318726913359787E-4, 0.0, 0.0, 0.0, 0.0, 9.029999732971191, 0.0, 0.0, 0.0, 0.0, 0.0, 0.0, 0.0, 0.0, 0.0, 0.0, 0.0, 0.0, 0.125, 0.125
21.442163, OPEN_LOOP, 0.0, 0.0, 4.3318726913359787E-4, -4.3318726913359787E-4, 0.0, 0.0, 0.0, 0.0, 9.020000457763672, 0.0, 0.0, 0.0, 0.0, 0.0, 0.0, 0.0, 0.0, 0.0, 0.0, 0.0, 0.0, 0.125, 0.125
21.477956, OPEN_LOOP, 0.0, 0.0, 4.3318726913359787E-4, -4.3318726913359787E-4, 0.0, 0.0, 0.0, 0.0, 9.050000190734863, 0.0, 0.0, 0.0, 0.0, 0.0, 0.0, 0.0, 0.0, 0.0, 0.0, 0.0, 0.0, 0.125, 0.125
21.503092, OPEN_LOOP, 0.0, 0.0, 4.3318726913359787E-4, -4.3318726913359787E-4, 0.0, 0.0, 0.0, 0.0, 9.039999961853027, 0.0, 0.0, 0.0, 0.0, 0.0, 0.0, 0.0, 0.0, 0.0, 0.0, 0.0, 0.0, 0.125, 0.125
21.537947, OPEN_LOOP, 0.0, 0.0, 4.3318726913359787E-4, -4.3318726913359787E-4, 0.0, 0.0, 0.0, 0.0, 9.010000228881836, 0.0, 0.0, 0.0, 0.0, 0.0, 0.0, 0.0, 0.0, 0.0, 0.0, 0.0, 0.0, 0.125, 0.125
21.561863, OPEN_LOOP, 0.0, 0.0, 4.3318726913359787E-4, -4.3318726913359787E-4, 0.0, 0.0, 0.0, 0.0, 8.989999771118164, 0.0, 0.0, 0.0, 0.0, 0.0, 0.0, 0.0, 0.0, 0.0, 0.0, 0.0, 0.0, 0.125, 0.125
21.598396, OPEN_LOOP, 0.0, 0.0, 4.3318726913359787E-4, -4.3318726913359787E-4, 0.0, 0.0, 0.0, 0.0, 9.0, 0.0, 0.0, 0.0, 0.0, 0.0, 0.0, 0.0, 0.0, 0.0, 0.0, 0.0, 0.0, 0.125, 0.125
21.637953, OPEN_LOOP, 0.0, 0.0, 4.3318726913359787E-4, -4.3318726913359787E-4, 0.0, 0.0, 0.0, 0.0, 9.069999694824219, 0.0, 0.0, 0.0, 0.0, 0.0, 0.0, 0.0, 0.0, 0.0, 0.0, 0.0, 0.0, 0.125, 0.125
21.663339999999998, OPEN_LOOP, 0.0, 0.0, 4.3318726913359787E-4, -4.3318726913359787E-4, 0.0, 0.0, 0.0, 0.0, 9.09000015258789, 0.0, 0.0, 0.0, 0.0, 0.0, 0.0, 0.0, 0.0, 0.0, 0.0, 0.0, 0.0, 0.125, 0.125
21.698363999999998, OPEN_LOOP, 0.0, 0.0, 4.3318726913359787E-4, -4.3318726913359787E-4, 0.0, 0.0, 0.0, 0.0, 9.079999923706055, 0.0, 0.0, 0.0, 0.0, 0.0, 0.0, 0.0, 0.0, 0.0, 0.0, 0.0, 0.0, 0.125, 0.125
21.722896, OPEN_LOOP, 0.0, 0.0, 4.3318726913359787E-4, -4.3318726913359787E-4, 0.0, 0.0, 0.0, 0.0, 9.079999923706055, 0.0, 0.0, 0.0, 0.0, 0.0, 0.0, 0.0, 0.0, 0.0, 0.0, 0.0, 0.0, 0.125, 0.125
21.757277, OPEN_LOOP, 0.0, 0.0, 4.3318726913359787E-4, -4.3318726913359787E-4, 0.0, 0.0, 0.0, 0.0, 9.109999656677246, 0.0, 0.0, 0.0, 0.0, 0.0, 0.0, 0.0, 0.0, 0.0, 0.0, 0.0, 0.0, 0.125, 0.125
21.781695, OPEN_LOOP, 0.0, 0.0, 4.3318726913359787E-4, -4.3318726913359787E-4, 0.0, 0.0, 0.0, 0.0, 9.109999656677246, 0.0, 0.0, 0.0, 0.0, 0.0, 0.0, 0.0, 0.0, 0.0, 0.0, 0.0, 0.0, 0.125, 0.125
21.818006, OPEN_LOOP, 0.0, 0.0, 4.3318726913359787E-4, -4.3318726913359787E-4, 0.0, 0.0, 0.0, 0.0, 9.0600004196167, 0.0, 0.0, 0.0, 0.0, 0.0, 0.0, 0.0, 0.0, 0.0, 0.0, 0.0, 0.0, 0.125, 0.125
21.857705, OPEN_LOOP, 0.0, 0.0, 4.3318726913359787E-4, -4.3318726913359787E-4, 0.0, 0.0, 0.0, 0.0, 9.0600004196167, 0.0, 0.0, 0.0, 0.0, 0.0, 0.0, 0.0, 0.0, 0.0, 0.0, 0.0, 0.0, 0.125, 0.125
21.898766, OPEN_LOOP, 0.0, 0.0, 4.3318726913359787E-4, -4.3318726913359787E-4, 0.0, 0.0, 0.0, 0.0, 9.109999656677246, 0.0, 0.0, 0.0, 0.0, 0.0, 0.0, 0.0, 0.0, 0.0, 0.0, 0.0, 0.0, 0.125, 0.125
21.938607, OPEN_LOOP, 0.0, 0.0, 4.3318726913359787E-4, -4.3318726913359787E-4, 0.0, 0.0, 0.0, 0.0, 9.09000015258789, 0.0, 0.0, 0.0, 0.0, 0.0, 0.0, 0.0, 0.0, 0.0, 0.0, 0.0, 0.0, 0.125, 0.125
21.977498999999998, OPEN_LOOP, 0.0, 0.0, 4.3318726913359787E-4, -4.3318726913359787E-4, 0.0, 0.0, 0.0, 0.0, 9.109999656677246, 0.0, 0.0, 0.0, 0.0, 0.0, 0.0, 0.0, 0.0, 0.0, 0.0, 0.0, 0.0, 0.125, 0.125
22.006374, OPEN_LOOP, 0.0, 0.0, 4.3318726913359787E-4, -4.3318726913359787E-4, 0.0, 0.0, 0.0, 0.0, 9.140000343322754, 0.0, 0.0, 0.0, 0.0, 0.0, 0.0, 0.0, 0.0, 0.0, 0.0, 0.0, 0.0, 0.125, 0.125
22.057362, OPEN_LOOP, 0.0, 0.0, 4.3318726913359787E-4, -4.3318726913359787E-4, 0.0, 0.0, 0.0, 0.0, 9.140000343322754, 0.0, 0.0, 0.0, 0.0, 0.0, 0.0, 0.0, 0.0, 0.0, 0.0, 0.0, 0.0, 0.125, 0.125
22.09738, OPEN_LOOP, 0.0, 0.0, 4.3318726913359787E-4, -4.3318726913359787E-4, 0.0, 0.0, 0.0, 0.0, 9.149999618530273, 0.0, 0.0, 0.0, 0.0, 0.0, 0.0, 0.0, 0.0, 0.0, 0.0, 0.0, 0.0, 0.125, 0.125
22.138034, OPEN_LOOP, 0.0, 0.0, 4.3318726913359787E-4, -4.3318726913359787E-4, 0.0, 0.0, 0.0, 0.0, 9.15999984741211, 0.0, 0.0, 0.0, 0.0, 0.0, 0.0, 0.0, 0.0, 0.0, 0.0, 0.0, 0.0, 0.125, 0.125
22.162826, OPEN_LOOP, 0.0, 0.0, 4.3318726913359787E-4, -4.3318726913359787E-4, 0.0, 0.0, 0.0, 0.0, 9.15999984741211, 0.0, 0.0, 0.0, 0.0, 0.0, 0.0, 0.0, 0.0, 0.0, 0.0, 0.0, 0.0, 0.125, 0.125
22.201625, OPEN_LOOP, 0.0, 0.0, 4.3318726913359787E-4, -4.3318726913359787E-4, 0.0, 0.0, 0.0, 0.0, 9.15999984741211, 0.0, 0.0, 0.0, 0.0, 0.0, 0.0, 0.0, 0.0, 0.0, 0.0, 0.0, 0.0, 0.125, 0.125
22.239217, OPEN_LOOP, 0.0, 0.0, 4.3318726913359787E-4, -4.3318726913359787E-4, 0.0, 0.0, 0.0, 0.0, 9.140000343322754, 0.0, 0.0, 0.0, 0.0, 0.0, 0.0, 0.0, 0.0, 0.0, 0.0, 0.0, 0.0, 0.125, 0.125
22.27931, OPEN_LOOP, 0.0, 0.0, 4.3318726913359787E-4, -4.3318726913359787E-4, 0.0, 0.0, 0.0, 0.0, 9.140000343322754, 0.0, 0.0, 0.0, 0.0, 0.0, 0.0, 0.0, 0.0, 0.0, 0.0, 0.0, 0.0, 0.125, 0.125
22.321066, OPEN_LOOP, 0.0, 0.0, 4.3318726913359787E-4, -4.3318726913359787E-4, 0.0, 0.0, 0.0, 0.0, 9.130000114440918, 0.0, 0.0, 0.0, 0.0, 0.0, 0.0, 0.0, 0.0, 0.0, 0.0, 0.0, 0.0, 0.125, 0.125
22.357716, OPEN_LOOP, 0.0, 0.0, 4.3318726913359787E-4, -4.3318726913359787E-4, 0.0, 0.0, 0.0, 0.0, 9.130000114440918, 0.0, 0.0, 0.0, 0.0, 0.0, 0.0, 0.0, 0.0, 0.0, 0.0, 0.0, 0.0, 0.125, 0.125
22.398912, OPEN_LOOP, 0.0, 0.0, 4.3318726913359787E-4, -4.3318726913359787E-4, 0.0, 0.0, 0.0, 0.0, 9.149999618530273, 0.0, 0.0, 0.0, 0.0, 0.0, 0.0, 0.0, 0.0, 0.0, 0.0, 0.0, 0.0, 0.125, 0.125
22.438323, OPEN_LOOP, 0.0, 0.0, 4.3318726913359787E-4, -4.3318726913359787E-4, 0.0, 0.0, 0.0, 0.0, 9.199999809265137, 0.0, 0.0, 0.0, 0.0, 0.0, 0.0, 0.0, 0.0, 0.0, 0.0, 0.0, 0.0, 0.125, 0.125
22.477608, OPEN_LOOP, 0.0, 0.0, 4.3318726913359787E-4, -4.3318726913359787E-4, 0.0, 0.0, 0.0, 0.0, 9.289999961853027, 0.0, 0.0, 0.0, 0.0, 0.0, 0.0, 0.0, 0.0, 0.0, 0.0, 0.0, 0.0, 0.125, 0.125
22.517731, OPEN_LOOP, 0.0, 0.0, 4.3318726913359787E-4, -4.3318726913359787E-4, 0.0, 0.0, 0.0, 0.0, 9.369999885559082, 0.0, 0.0, 0.0, 0.0, 0.0, 0.0, 0.0, 0.0, 0.0, 0.0, 0.0, 0.0, 0.125, 0.125
22.561519999999998, OPEN_LOOP, 0.0, 0.0, 4.3318726913359787E-4, -4.3318726913359787E-4, 0.0, 0.0, 0.0, 0.0, 9.460000038146973, 0.0, 0.0, 0.0, 0.0, 0.0, 0.0, 0.0, 0.0, 0.0, 0.0, 0.0, 0.0, 0.125, 0.125
22.597865, OPEN_LOOP, 0.0, 0.0, 4.3318726913359787E-4, -4.3318726913359787E-4, 0.0, 0.0, 0.0, 0.0, 9.420000076293945, 0.0, 0.0, 0.0, 0.0, 0.0, 0.0, 0.0, 0.0, 0.0, 0.0, 0.0, 0.0, 0.125, 0.125
22.622259, OPEN_LOOP, 0.0, 0.0, 4.3318726913359787E-4, -4.3318726913359787E-4, 0.0, 0.0, 0.0, 0.0, 9.40999984741211, 0.0, 0.0, 0.0, 0.0, 0.0, 0.0, 0.0, 0.0, 0.0, 0.0, 0.0, 0.0, 0.125, 0.125
22.65797, OPEN_LOOP, 0.0, 0.0, 4.3318726913359787E-4, -4.3318726913359787E-4, 0.0, 0.0, 0.0, 0.0, 9.420000076293945, 0.0, 0.0, 0.0, 0.0, 0.0, 0.0, 0.0, 0.0, 0.0, 0.0, 0.0, 0.0, 0.125, 0.125
22.68199, OPEN_LOOP, 0.0, 0.0, 4.3318726913359787E-4, -4.3318726913359787E-4, 0.0, 0.0, 0.0, 0.0, 9.399999618530273, 0.0, 0.0, 0.0, 0.0, 0.0, 0.0, 0.0, 0.0, 0.0, 0.0, 0.0, 0.0, 0.125, 0.125
22.717586999999998, OPEN_LOOP, 0.0, 0.0, 4.3318726913359787E-4, -4.3318726913359787E-4, 0.0, 0.0, 0.0, 0.0, 9.350000381469727, 0.0, 0.0, 0.0, 0.0, 0.0, 0.0, 0.0, 0.0, 0.0, 0.0, 0.0, 0.0, 0.125, 0.125
22.742486, OPEN_LOOP, 0.0, 0.0, 4.3318726913359787E-4, -4.3318726913359787E-4, 0.0, 0.0, 0.0, 0.0, 9.350000381469727, 0.0, 0.0, 0.0, 0.0, 0.0, 0.0, 0.0, 0.0, 0.0, 0.0, 0.0, 0.0, 0.125, 0.125
22.778261, OPEN_LOOP, 0.0, 0.0, 4.3318726913359787E-4, -4.3318726913359787E-4, 0.0, 0.0, 0.0, 0.0, 9.390000343322754, 0.0, 0.0, 0.0, 0.0, 0.0, 0.0, 0.0, 0.0, 0.0, 0.0, 0.0, 0.0, 0.125, 0.125
22.802571999999998, OPEN_LOOP, 0.0, 0.0, 4.3318726913359787E-4, -4.3318726913359787E-4, 0.0, 0.0, 0.0, 0.0, 9.399999618530273, 0.0, 0.0, 0.0, 0.0, 0.0, 0.0, 0.0, 0.0, 0.0, 0.0, 0.0, 0.0, 0.125, 0.125
22.838375, OPEN_LOOP, 0.0, 0.0, 4.3318726913359787E-4, -4.3318726913359787E-4, 0.0, 0.0, 0.0, 0.0, 9.40999984741211, 0.0, 0.0, 0.0, 0.0, 0.0, 0.0, 0.0, 0.0, 0.0, 0.0, 0.0, 0.0, 0.125, 0.125
22.86141, OPEN_LOOP, 0.0, 0.0, 4.3318726913359787E-4, -4.3318726913359787E-4, 0.0, 0.0, 0.0, 0.0, 9.399999618530273, 0.0, 0.0, 0.0, 0.0, 0.0, 0.0, 0.0, 0.0, 0.0, 0.0, 0.0, 0.0, 0.125, 0.125
22.898661, OPEN_LOOP, 0.0, 0.0, 4.3318726913359787E-4, -4.3318726913359787E-4, 0.0, 0.0, 0.0, 0.0, 9.380000114440918, 0.0, 0.0, 0.0, 0.0, 0.0, 0.0, 0.0, 0.0, 0.0, 0.0, 0.0, 0.0, 0.125, 0.125
22.937668, OPEN_LOOP, 0.0, 0.0, 4.3318726913359787E-4, -4.3318726913359787E-4, 0.0, 0.0, 0.0, 0.0, 9.369999885559082, 0.0, 0.0, 0.0, 0.0, 0.0, 0.0, 0.0, 0.0, 0.0, 0.0, 0.0, 0.0, 0.125, 0.125
22.962937, OPEN_LOOP, 0.0, 0.0, 4.3318726913359787E-4, -4.3318726913359787E-4, 0.0, 0.0, 0.0, 0.0, 9.359999656677246, 0.0, 0.0, 0.0, 0.0, 0.0, 0.0, 0.0, 0.0, 0.0, 0.0, 0.0, 0.0, 0.125, 0.125
22.998622, OPEN_LOOP, 0.0, 0.0, 4.3318726913359787E-4, -4.3318726913359787E-4, 0.0, 0.0, 0.0, 0.0, 9.329999923706055, 0.0, 0.0, 0.0, 0.0, 0.0, 0.0, 0.0, 0.0, 0.0, 0.0, 0.0, 0.0, 0.125, 0.125
23.036796, OPEN_LOOP, 0.0, 0.0, 4.3318726913359787E-4, -4.3318726913359787E-4, 0.0, 0.0, 0.0, 0.0, 9.3100004196167, 0.0, 0.0, 0.0, 0.0, 0.0, 0.0, 0.0, 0.0, 0.0, 0.0, 0.0, 0.0, 0.125, 0.125
23.061308999999998, OPEN_LOOP, 0.0, 0.0, 4.3318726913359787E-4, -4.3318726913359787E-4, 0.0, 0.0, 0.0, 0.0, 9.300000190734863, 0.0, 0.0, 0.0, 0.0, 0.0, 0.0, 0.0, 0.0, 0.0, 0.0, 0.0, 0.0, 0.125, 0.125
23.097326, OPEN_LOOP, 0.0, 0.0, 4.3318726913359787E-4, -4.3318726913359787E-4, 0.0, 0.0, 0.0, 0.0, 9.270000457763672, 0.0, 0.0, 0.0, 0.0, 0.0, 0.0, 0.0, 0.0, 0.0, 0.0, 0.0, 0.0, 0.125, 0.125
23.118743, OPEN_LOOP, 0.0, 0.0, 4.3318726913359787E-4, -4.3318726913359787E-4, 0.0, 0.0, 0.0, 0.0, 9.260000228881836, 0.0, 0.0, 0.0, 0.0, 0.0, 0.0, 0.0, 0.0, 0.0, 0.0, 0.0, 0.0, 0.125, 0.125
23.157204, OPEN_LOOP, 0.0, 0.0, 4.3318726913359787E-4, -4.3318726913359787E-4, 0.0, 0.0, 0.0, 0.0, 9.210000038146973, 0.0, 0.0, 0.0, 0.0, 0.0, 0.0, 0.0, 0.0, 0.0, 0.0, 0.0, 0.0, 0.125, 0.125
23.194116, OPEN_LOOP, 0.0, 0.0, 4.3318726913359787E-4, -4.3318726913359787E-4, 0.0, 0.0, 0.0, 0.0, 9.130000114440918, 0.0, 0.0, 0.0, 0.0, 0.0, 0.0, 0.0, 0.0, 0.0, 0.0, 0.0, 0.0, 0.125, 0.125
23.257374, OPEN_LOOP, 0.0, 0.0, 4.3318726913359787E-4, -4.3318726913359787E-4, 0.0, 0.0, 0.0, 0.0, 9.029999732971191, 0.0, 0.0, 0.0, 0.0, 0.0, 0.0, 0.0, 0.0, 0.0, 0.0, 0.0, 0.0, 0.125, 0.125
23.295974, OPEN_LOOP, 0.0, 0.0, 4.3318726913359787E-4, -4.3318726913359787E-4, 0.0, 0.0, 0.0, 0.0, 8.880000114440918, 0.0, 0.0, 0.0, 0.0, 0.0, 0.0, 0.0, 0.0, 0.0, 0.0, 0.0, 0.0, 0.125, 0.125
23.319437, OPEN_LOOP, 0.0, 0.0, 4.3318726913359787E-4, -4.3318726913359787E-4, 0.0, 0.0, 0.0, 0.0, 8.819999694824219, 0.0, 0.0, 0.0, 0.0, 0.0, 0.0, 0.0, 0.0, 0.0, 0.0, 0.0, 0.0, 0.125, 0.125
23.357378999999998, OPEN_LOOP, 0.0, 0.0, 4.3318726913359787E-4, -4.3318726913359787E-4, 0.0, 0.0, 0.0, 0.0, 8.630000114440918, 0.0, 0.0, 0.0, 0.0, 0.0, 0.0, 0.0, 0.0, 0.0, 0.0, 0.0, 0.0, 0.125, 0.125
23.377686999999998, OPEN_LOOP, 0.0, 0.0, 4.3318726913359787E-4, -4.3318726913359787E-4, 0.0, 0.0, 0.0, 0.0, 8.5600004196167, 0.0, 0.0, 0.0, 0.0, 0.0, 0.0, 0.0, 0.0, 0.0, 0.0, 0.0, 0.0, 0.125, 0.125
23.401547, OPEN_LOOP, 0.0, 0.0, 4.3318726913359787E-4, -4.3318726913359787E-4, 0.0, 0.0, 0.0, 0.0, 8.479999542236328, 0.0, 0.0, 0.0, 0.0, 0.0, 0.0, 0.0, 0.0, 0.0, 0.0, 0.0, 0.0, 0.125, 0.125
23.437860999999998, OPEN_LOOP, 0.0, 0.0, 4.3318726913359787E-4, -4.3318726913359787E-4, 0.0, 0.0, 0.0, 0.0, 8.420000076293945, 0.0, 0.0, 0.0, 0.0, 0.0, 0.0, 0.0, 0.0, 0.0, 0.0, 0.0, 0.0, 0.125, 0.125
23.458441, OPEN_LOOP, 0.0, 0.0, 4.3318726913359787E-4, -4.3318726913359787E-4, 0.0, 0.0, 0.0, 0.0, 8.289999961853027, 0.0, 0.0, 0.0, 0.0, 0.0, 0.0, 0.0, 0.0, 0.0, 0.0, 0.0, 0.0, 0.125, 0.125
23.481587, OPEN_LOOP, 0.0, 0.0, 4.3318726913359787E-4, -4.3318726913359787E-4, 0.0, 0.0, 0.0, 0.0, 8.229999542236328, 0.0, 0.0, 0.0, 0.0, 0.0, 0.0, 0.0, 0.0, 0.0, 0.0, 0.0, 0.0, 0.125, 0.125
23.518466, OPEN_LOOP, 0.0, 0.0, 4.3318726913359787E-4, -4.3318726913359787E-4, 0.0, 0.0, 0.0, 0.0, 8.15999984741211, 0.0, 0.0, 0.0, 0.0, 0.0, 0.0, 0.0, 0.0, 0.0, 0.0, 0.0, 0.0, 0.125, 0.125
23.54302, OPEN_LOOP, 0.0, 0.0, 4.3318726913359787E-4, -4.3318726913359787E-4, 0.0, 0.0, 0.0, 0.0, 8.15999984741211, 0.0, 0.0, 0.0, 0.0, 0.0, 0.0, 0.0, 0.0, 0.0, 0.0, 0.0, 0.0, 0.125, 0.125
23.578089, OPEN_LOOP, 0.0, 0.0, 4.3318726913359787E-4, -4.3318726913359787E-4, 0.0, 0.0, 0.0, 0.0, 8.130000114440918, 0.0, 0.0, 0.0, 0.0, 0.0, 0.0, 0.0, 0.0, 0.0, 0.0, 0.0, 0.0, 0.125, 0.125
23.602929, OPEN_LOOP, 0.0, 0.0, 4.3318726913359787E-4, -4.3318726913359787E-4, 0.0, 0.0, 0.0, 0.0, 8.079999923706055, 0.0, 0.0, 0.0, 0.0, 0.0, 0.0, 0.0, 0.0, 0.0, 0.0, 0.0, 0.0, 0.125, 0.125
23.63764, OPEN_LOOP, 0.0, 0.0, 4.3318726913359787E-4, -4.3318726913359787E-4, 0.0, 0.0, 0.0, 0.0, 7.940000057220459, 0.0, 0.0, 0.0, 0.0, 0.0, 0.0, 0.0, 0.0, 0.0, 0.0, 0.0, 0.0, 0.125, 0.125
23.677798, OPEN_LOOP, 0.0, 0.0, 4.3318726913359787E-4, -4.3318726913359787E-4, 0.0, 0.0, 0.0, 0.0, 7.849999904632568, 0.0, 0.0, 0.0, 0.0, 0.0, 0.0, 0.0, 0.0, 0.0, 0.0, 0.0, 0.0, 0.125, 0.125
23.717311, OPEN_LOOP, 0.0, 0.0, 4.3318726913359787E-4, -4.3318726913359787E-4, 0.0, 0.0, 0.0, 0.0, 7.75, 0.0, 0.0, 0.0, 0.0, 0.0, 0.0, 0.0, 0.0, 0.0, 0.0, 0.0, 0.0, 0.125, 0.125
23.743031, OPEN_LOOP, 0.0, 0.0, 4.3318726913359787E-4, -4.3318726913359787E-4, 0.0, 0.0, 0.0, 0.0, 7.650000095367432, 0.0, 0.0, 0.0, 0.0, 0.0, 0.0, 0.0, 0.0, 0.0, 0.0, 0.0, 0.0, 0.125, 0.125
23.777743, OPEN_LOOP, 0.0, 0.0, 4.3318726913359787E-4, -4.3318726913359787E-4, 0.0, 0.0, 0.0, 0.0, 7.550000190734863, 0.0, 0.0, 0.0, 0.0, 0.0, 0.0, 0.0, 0.0, 0.0, 0.0, 0.0, 0.0, 0.125, 0.125
23.817859, OPEN_LOOP, 0.0, 0.0, 4.3318726913359787E-4, -4.3318726913359787E-4, 0.0, 0.0, 0.0, 0.0, 7.440000057220459, 0.0, 0.0, 0.0, 0.0, 0.0, 0.0, 0.0, 0.0, 0.0, 0.0, 0.0, 0.0, 0.125, 0.125
23.858069, OPEN_LOOP, 0.0, 0.0, 4.3318726913359787E-4, -4.3318726913359787E-4, 0.0, 0.0, 0.0, 0.0, 7.349999904632568, 0.0, 0.0, 0.0, 0.0, 0.0, 0.0, 0.0, 0.0, 0.0, 0.0, 0.0, 0.0, 0.125, 0.125
23.882376, OPEN_LOOP, 0.0, 0.0, 4.3318726913359787E-4, -4.3318726913359787E-4, 0.0, 0.0, 0.0, 0.0, 7.320000171661377, 0.0, 0.0, 0.0, 0.0, 0.0, 0.0, 0.0, 0.0, 0.0, 0.0, 0.0, 0.0, 0.125, 0.125
23.918128, OPEN_LOOP, 0.0, 0.0, 4.3318726913359787E-4, -4.3318726913359787E-4, 0.0, 0.0, 0.0, 0.0, 7.230000019073486, 0.0, 0.0, 0.0, 0.0, 0.0, 0.0, 0.0, 0.0, 0.0, 0.0, 0.0, 0.0, 0.125, 0.125
23.957672, OPEN_LOOP, 0.0, 0.0, 4.3318726913359787E-4, -4.3318726913359787E-4, 0.0, 0.0, 0.0, 0.0, 7.150000095367432, 0.0, 0.0, 0.0, 0.0, 0.0, 0.0, 0.0, 0.0, 0.0, 0.0, 0.0, 0.0, 0.125, 0.125
23.998212, OPEN_LOOP, 0.0, 0.0, 4.3318726913359787E-4, -4.3318726913359787E-4, 0.0, 0.0, 0.0, 0.0, 7.119999885559082, 0.0, 0.0, 0.0, 0.0, 0.0, 0.0, 0.0, 0.0, 0.0, 0.0, 0.0, 0.0, 0.125, 0.125
24.02285, OPEN_LOOP, 0.0, 0.0, 4.3318726913359787E-4, -4.3318726913359787E-4, 0.0, 0.0, 0.0, 0.0, 7.130000114440918, 0.0, 0.0, 0.0, 0.0, 0.0, 0.0, 0.0, 0.0, 0.0, 0.0, 0.0, 0.0, 0.125, 0.125
24.058622, OPEN_LOOP, 0.0, 0.0, 4.3318726913359787E-4, -4.3318726913359787E-4, 0.0, 0.0, 0.0, 0.0, 7.150000095367432, 0.0, 0.0, 0.0, 0.0, 0.0, 0.0, 0.0, 0.0, 0.0, 0.0, 0.0, 0.0, 0.125, 0.125
24.08326, OPEN_LOOP, 0.0, 0.0, 4.3318726913359787E-4, -4.3318726913359787E-4, 0.0, 0.0, 0.0, 0.0, 7.150000095367432, 0.0, 0.0, 0.0, 0.0, 0.0, 0.0, 0.0, 0.0, 0.0, 0.0, 0.0, 0.0, 0.125, 0.125
24.11781, OPEN_LOOP, 0.0, 0.0, 4.3318726913359787E-4, -4.3318726913359787E-4, 0.0, 0.0, 0.0, 0.0, 7.199999809265137, 0.0, 0.0, 0.0, 0.0, 0.0, 0.0, 0.0, 0.0, 0.0, 0.0, 0.0, 0.0, 0.125, 0.125
24.141121, OPEN_LOOP, 0.0, 0.0, 4.3318726913359787E-4, -4.3318726913359787E-4, 0.0, 0.0, 0.0, 0.0, 7.25, 0.0, 0.0, 0.0, 0.0, 0.0, 0.0, 0.0, 0.0, 0.0, 0.0, 0.0, 0.0, 0.125, 0.125
24.177059, OPEN_LOOP, 0.0, 0.0, 4.3318726913359787E-4, -4.3318726913359787E-4, 0.0, 0.0, 0.0, 0.0, 7.289999961853027, 0.0, 0.0, 0.0, 0.0, 0.0, 0.0, 0.0, 0.0, 0.0, 0.0, 0.0, 0.0, 0.125, 0.125
24.20036, OPEN_LOOP, 0.0, 0.0, 4.3318726913359787E-4, -4.3318726913359787E-4, 0.0, 0.0, 0.0, 0.0, 7.369999885559082, 0.0, 0.0, 0.0, 0.0, 0.0, 0.0, 0.0, 0.0, 0.0, 0.0, 0.0, 0.0, 0.125, 0.125
24.237515, OPEN_LOOP, 0.0, 0.0, 4.3318726913359787E-4, -4.3318726913359787E-4, 0.0, 0.0, 0.0, 0.0, 7.389999866485596, 0.0, 0.0, 0.0, 0.0, 0.0, 0.0, 0.0, 0.0, 0.0, 0.0, 0.0, 0.0, 0.125, 0.125
24.262497, OPEN_LOOP, 0.0, 0.0, 4.3318726913359787E-4, -4.3318726913359787E-4, 0.0, 0.0, 0.0, 0.0, 7.320000171661377, 0.0, 0.0, 0.0, 0.0, 0.0, 0.0, 0.0, 0.0, 0.0, 0.0, 0.0, 0.0, 0.125, 0.125
24.29851, OPEN_LOOP, 0.0, 0.0, 4.3318726913359787E-4, -4.3318726913359787E-4, 0.0, 0.0, 0.0, 0.0, 7.300000190734863, 0.0, 0.0, 0.0, 0.0, 0.0, 0.0, 0.0, 0.0, 0.0, 0.0, 0.0, 0.0, 0.125, 0.125
24.323901, OPEN_LOOP, 0.0, 0.0, 4.3318726913359787E-4, -4.3318726913359787E-4, 0.0, 0.0, 0.0, 0.0, 7.300000190734863, 0.0, 0.0, 0.0, 0.0, 0.0, 0.0, 0.0, 0.0, 0.0, 0.0, 0.0, 0.0, 0.125, 0.125
24.357335, OPEN_LOOP, 0.0, 0.0, 4.3318726913359787E-4, -4.3318726913359787E-4, 0.0, 0.0, 0.0, 0.0, 7.210000038146973, 0.0, 0.0, 0.0, 0.0, 0.0, 0.0, 0.0, 0.0, 0.0, 0.0, 0.0, 0.0, 0.125, 0.125
24.381072, OPEN_LOOP, 0.0, 0.0, 4.3318726913359787E-4, -4.3318726913359787E-4, 0.0, 0.0, 0.0, 0.0, 7.159999847412109, 0.0, 0.0, 0.0, 0.0, 0.0, 0.0, 0.0, 0.0, 0.0, 0.0, 0.0, 0.0, 0.125, 0.125
24.417905, OPEN_LOOP, 0.0, 0.0, 4.3318726913359787E-4, -4.3318726913359787E-4, 0.0, 0.0, 0.0, 0.0, 7.019999980926514, 0.0, 0.0, 0.0, 0.0, 0.0, 0.0, 0.0, 0.0, 0.0, 0.0, 0.0, 0.0, 0.125, 0.125
24.456954, OPEN_LOOP, 0.0, 0.0, 4.3318726913359787E-4, -4.3318726913359787E-4, 0.0, 0.0, 0.0, 0.0, 7.019999980926514, 0.0, 0.0, 0.0, 0.0, 0.0, 0.0, 0.0, 0.0, 0.0, 0.0, 0.0, 0.0, 0.125, 0.125
24.478465, OPEN_LOOP, 0.0, 0.0, 4.3318726913359787E-4, -4.3318726913359787E-4, 0.0, 0.0, 0.0, 0.0, 7.010000228881836, 0.0, 0.0, 0.0, 0.0, 0.0, 0.0, 0.0, 0.0, 0.0, 0.0, 0.0, 0.0, 0.125, 0.125
24.501525, OPEN_LOOP, 0.0, 0.0, 4.3318726913359787E-4, -4.3318726913359787E-4, 0.0, 0.0, 0.0, 0.0, 6.989999771118164, 0.0, 0.0, 0.0, 0.0, 0.0, 0.0, 0.0, 0.0, 0.0, 0.0, 0.0, 0.0, 0.125, 0.125
24.537465, OPEN_LOOP, 0.0, 0.0, 4.3318726913359787E-4, -4.3318726913359787E-4, 0.0, 0.0, 0.0, 0.0, 7.019999980926514, 0.0, 0.0, 0.0, 0.0, 0.0, 0.0, 0.0, 0.0, 0.0, 0.0, 0.0, 0.0, 0.125, 0.125
24.558207, OPEN_LOOP, 0.0, 0.0, 4.3318726913359787E-4, -4.3318726913359787E-4, 0.0, 0.0, 0.0, 0.0, 7.039999961853027, 0.0, 0.0, 0.0, 0.0, 0.0, 0.0, 0.0, 0.0, 0.0, 0.0, 0.0, 0.0, 0.125, 0.125
24.597913, OPEN_LOOP, 0.0, 0.0, 4.3318726913359787E-4, -4.3318726913359787E-4, 0.0, 0.0, 0.0, 0.0, 7.119999885559082, 0.0, 0.0, 0.0, 0.0, 0.0, 0.0, 0.0, 0.0, 0.0, 0.0, 0.0, 0.0, 0.125, 0.125
24.621885, OPEN_LOOP, 0.0, 0.0, 4.3318726913359787E-4, -4.3318726913359787E-4, 0.0, 0.0, 0.0, 0.0, 7.130000114440918, 0.0, 0.0, 0.0, 0.0, 0.0, 0.0, 0.0, 0.0, 0.0, 0.0, 0.0, 0.0, 0.125, 0.125
24.656869999999998, OPEN_LOOP, 0.0, 0.0, 4.3318726913359787E-4, -4.3318726913359787E-4, 0.0, 0.0, 0.0, 0.0, 7.289999961853027, 0.0, 0.0, 0.0, 0.0, 0.0, 0.0, 0.0, 0.0, 0.0, 0.0, 0.0, 0.0, 0.125, 0.125
24.697207, OPEN_LOOP, 0.0, 0.0, 4.3318726913359787E-4, -4.3318726913359787E-4, 0.0, 0.0, 0.0, 0.0, 7.289999961853027, 0.0, 0.0, 0.0, 0.0, 0.0, 0.0, 0.0, 0.0, 0.0, 0.0, 0.0, 0.0, 0.125, 0.125
24.717928, OPEN_LOOP, 0.0, 0.0, 4.3318726913359787E-4, -4.3318726913359787E-4, 0.0, 0.0, 0.0, 0.0, 7.289999961853027, 0.0, 0.0, 0.0, 0.0, 0.0, 0.0, 0.0, 0.0, 0.0, 0.0, 0.0, 0.0, 0.125, 0.125
24.738722, OPEN_LOOP, 0.0, 0.0, 4.3318726913359787E-4, -4.3318726913359787E-4, 0.0, 0.0, 0.0, 0.0, 7.289999961853027, 0.0, 0.0, 0.0, 0.0, 0.0, 0.0, 0.0, 0.0, 0.0, 0.0, 0.0, 0.0, 0.125, 0.125
24.762674, OPEN_LOOP, 0.0, 0.0, 4.3318726913359787E-4, -4.3318726913359787E-4, 0.0, 0.0, 0.0, 0.0, 7.309999942779541, 0.0, 0.0, 0.0, 0.0, 0.0, 0.0, 0.0, 0.0, 0.0, 0.0, 0.0, 0.0, 0.125, 0.125
24.798511, OPEN_LOOP, 0.0, 0.0, 4.3318726913359787E-4, -4.3318726913359787E-4, 0.0, 0.0, 0.0, 0.0, 7.300000190734863, 0.0, 0.0, 0.0, 0.0, 0.0, 0.0, 0.0, 0.0, 0.0, 0.0, 0.0, 0.0, 0.125, 0.125
24.821689, OPEN_LOOP, 0.0, 0.0, 4.3318726913359787E-4, -4.3318726913359787E-4, 0.0, 0.0, 0.0, 0.0, 7.300000190734863, 0.0, 0.0, 0.0, 0.0, 0.0, 0.0, 0.0, 0.0, 0.0, 0.0, 0.0, 0.0, 0.125, 0.125
24.856307, OPEN_LOOP, 0.0, 0.0, 4.3318726913359787E-4, -4.3318726913359787E-4, 0.0, 0.0, 0.0, 0.0, 7.300000190734863, 0.0, 0.0, 0.0, 0.0, 0.0, 0.0, 0.0, 0.0, 0.0, 0.0, 0.0, 0.0, 0.125, 0.125
24.877302, OPEN_LOOP, 0.0, 0.0, 4.3318726913359787E-4, -4.3318726913359787E-4, 0.0, 0.0, 0.0, 0.0, 7.309999942779541, 0.0, 0.0, 0.0, 0.0, 0.0, 0.0, 0.0, 0.0, 0.0, 0.0, 0.0, 0.0, 0.125, 0.125
24.917004, OPEN_LOOP, 0.0, 0.0, 4.3318726913359787E-4, -4.3318726913359787E-4, 0.0, 0.0, 0.0, 0.0, 7.309999942779541, 0.0, 0.0, 0.0, 0.0, 0.0, 0.0, 0.0, 0.0, 0.0, 0.0, 0.0, 0.0, 0.125, 0.125
24.93777, OPEN_LOOP, 0.0, 0.0, 4.3318726913359787E-4, -4.3318726913359787E-4, 0.0, 0.0, 0.0, 0.0, 7.309999942779541, 0.0, 0.0, 0.0, 0.0, 0.0, 0.0, 0.0, 0.0, 0.0, 0.0, 0.0, 0.0, 0.125, 0.125
24.961281, OPEN_LOOP, 0.0, 0.0, 4.3318726913359787E-4, -4.3318726913359787E-4, 0.0, 0.0, 0.0, 0.0, 7.309999942779541, 0.0, 0.0, 0.0, 0.0, 0.0, 0.0, 0.0, 0.0, 0.0, 0.0, 0.0, 0.0, 0.125, 0.125
24.998297, OPEN_LOOP, 0.0, 0.0, 4.3318726913359787E-4, -4.3318726913359787E-4, 0.0, 0.0, 0.0, 0.0, 7.300000190734863, 0.0, 0.0, 0.0, 0.0, 0.0, 0.0, 0.0, 0.0, 0.0, 0.0, 0.0, 0.0, 0.125, 0.125
25.021411999999998, OPEN_LOOP, 0.0, 0.0, 4.3318726913359787E-4, -4.3318726913359787E-4, 0.0, 0.0, 0.0, 0.0, 7.300000190734863, 0.0, 0.0, 0.0, 0.0, 0.0, 0.0, 0.0, 0.0, 0.0, 0.0, 0.0, 0.0, 0.125, 0.125
25.057268999999998, OPEN_LOOP, 0.0, 0.0, 4.3318726913359787E-4, -4.3318726913359787E-4, 0.0, 0.0, 0.0, 0.0, 7.289999961853027, 0.0, 0.0, 0.0, 0.0, 0.0, 0.0, 0.0, 0.0, 0.0, 0.0, 0.0, 0.0, 0.125, 0.125
25.077412, OPEN_LOOP, 0.0, 0.0, 4.3318726913359787E-4, -4.3318726913359787E-4, 0.0, 0.0, 0.0, 0.0, 7.289999961853027, 0.0, 0.0, 0.0, 0.0, 0.0, 0.0, 0.0, 0.0, 0.0, 0.0, 0.0, 0.0, 0.125, 0.125
25.101744, OPEN_LOOP, 0.0, 0.0, 4.3318726913359787E-4, -4.3318726913359787E-4, 0.0, 0.0, 0.0, 0.0, 7.289999961853027, 0.0, 0.0, 0.0, 0.0, 0.0, 0.0, 0.0, 0.0, 0.0, 0.0, 0.0, 0.0, 0.125, 0.125
25.137992999999998, OPEN_LOOP, 0.0, 0.0, 4.3318726913359787E-4, -4.3318726913359787E-4, 0.0, 0.0, 0.0, 0.0, 7.289999961853027, 0.0, 0.0, 0.0, 0.0, 0.0, 0.0, 0.0, 0.0, 0.0, 0.0, 0.0, 0.0, 0.125, 0.125
25.16112, OPEN_LOOP, 0.0, 0.0, 4.3318726913359787E-4, -4.3318726913359787E-4, 0.0, 0.0, 0.0, 0.0, 7.289999961853027, 0.0, 0.0, 0.0, 0.0, 0.0, 0.0, 0.0, 0.0, 0.0, 0.0, 0.0, 0.0, 0.125, 0.125
25.196335, OPEN_LOOP, 0.0, 0.0, 4.3318726913359787E-4, -4.3318726913359787E-4, 0.0, 0.0, 0.0, 0.0, 7.289999961853027, 0.0, 0.0, 0.0, 0.0, 0.0, 0.0, 0.0, 0.0, 0.0, 0.0, 0.0, 0.0, 0.125, 0.125
25.217972, OPEN_LOOP, 0.0, 0.0, 4.3318726913359787E-4, -4.3318726913359787E-4, 0.0, 0.0, 0.0, 0.0, 7.289999961853027, 0.0, 0.0, 0.0, 0.0, 0.0, 0.0, 0.0, 0.0, 0.0, 0.0, 0.0, 0.0, 0.125, 0.125
25.257637, OPEN_LOOP, 0.0, 0.0, 4.3318726913359787E-4, -4.3318726913359787E-4, 0.0, 0.0, 0.0, 0.0, 7.289999961853027, 0.0, 0.0, 0.0, 0.0, 0.0, 0.0, 0.0, 0.0, 0.0, 0.0, 0.0, 0.0, 0.125, 0.125
25.277946, OPEN_LOOP, 0.0, 0.0, 4.3318726913359787E-4, -4.3318726913359787E-4, 0.0, 0.0, 0.0, 0.0, 7.289999961853027, 0.0, 0.0, 0.0, 0.0, 0.0, 0.0, 0.0, 0.0, 0.0, 0.0, 0.0, 0.0, 0.125, 0.125
25.300735, OPEN_LOOP, 0.0, 0.0, 4.3318726913359787E-4, -4.3318726913359787E-4, 0.0, 0.0, 0.0, 0.0, 7.28000020980835, 0.0, 0.0, 0.0, 0.0, 0.0, 0.0, 0.0, 0.0, 0.0, 0.0, 0.0, 0.0, 0.125, 0.125
25.339484, OPEN_LOOP, 0.0, 0.0, 4.3318726913359787E-4, -4.3318726913359787E-4, 0.0, 0.0, 0.0, 0.0, 7.289999961853027, 0.0, 0.0, 0.0, 0.0, 0.0, 0.0, 0.0, 0.0, 0.0, 0.0, 0.0, 0.0, 0.125, 0.125
25.397996, OPEN_LOOP, 0.0, 0.0, 4.3318726913359787E-4, -4.3318726913359787E-4, 0.0, 0.0, 0.0, 0.0, 7.260000228881836, 0.0, 0.0, 0.0, 0.0, 0.0, 0.0, 0.0, 0.0, 0.0, 0.0, 0.0, 0.0, 0.125, 0.125
25.457933, OPEN_LOOP, 0.0, 0.0, 4.3318726913359787E-4, -4.3318726913359787E-4, 0.0, 0.0, 0.0, 0.0, 7.289999961853027, 0.0, 0.0, 0.0, 0.0, 0.0, 0.0, 0.0, 0.0, 0.0, 0.0, 0.0, 0.0, 0.125, 0.125
25.480631, OPEN_LOOP, 0.0, 0.0, 4.3318726913359787E-4, -4.3318726913359787E-4, 0.0, 0.0, 0.0, 0.0, 7.260000228881836, 0.0, 0.0, 0.0, 0.0, 0.0, 0.0, 0.0, 0.0, 0.0, 0.0, 0.0, 0.0, 0.125, 0.125
25.51672, OPEN_LOOP, 0.0, 0.0, 4.3318726913359787E-4, -4.3318726913359787E-4, 0.0, 0.0, 0.0, 0.0, 7.269999980926514, 0.0, 0.0, 0.0, 0.0, 0.0, 0.0, 0.0, 0.0, 0.0, 0.0, 0.0, 0.0, 0.125, 0.125
25.542116, OPEN_LOOP, 0.0, 0.0, 4.3318726913359787E-4, -4.3318726913359787E-4, 0.0, 0.0, 0.0, 0.0, 7.300000190734863, 0.0, 0.0, 0.0, 0.0, 0.0, 0.0, 0.0, 0.0, 0.0, 0.0, 0.0, 0.0, 0.125, 0.125
25.577127, OPEN_LOOP, 0.0, 0.0, 4.3318726913359787E-4, -4.3318726913359787E-4, 0.0, 0.0, 0.0, 0.0, 7.269999980926514, 0.0, 0.0, 0.0, 0.0, 0.0, 0.0, 0.0, 0.0, 0.0, 0.0, 0.0, 0.0, 0.125, 0.125
25.600293999999998, OPEN_LOOP, 0.0, 0.0, 4.3318726913359787E-4, -4.3318726913359787E-4, 0.0, 0.0, 0.0, 0.0, 7.28000020980835, 0.0, 0.0, 0.0, 0.0, 0.0, 0.0, 0.0, 0.0, 0.0, 0.0, 0.0, 0.0, 0.125, 0.125
25.636575999999998, OPEN_LOOP, 0.0, 0.0, 4.3318726913359787E-4, -4.3318726913359787E-4, 0.0, 0.0, 0.0, 0.0, 7.340000152587891, 0.0, 0.0, 0.0, 0.0, 0.0, 0.0, 0.0, 0.0, 0.0, 0.0, 0.0, 0.0, 0.125, 0.125
25.660049, OPEN_LOOP, 0.0, 0.0, 4.3318726913359787E-4, -4.3318726913359787E-4, 0.0, 0.0, 0.0, 0.0, 7.389999866485596, 0.0, 0.0, 0.0, 0.0, 0.0, 0.0, 0.0, 0.0, 0.0, 0.0, 0.0, 0.0, 0.125, 0.125
25.697255, OPEN_LOOP, 0.0, 0.0, 4.3318726913359787E-4, -4.3318726913359787E-4, 0.0, 0.0, 0.0, 0.0, 7.409999847412109, 0.0, 0.0, 0.0, 0.0, 0.0, 0.0, 0.0, 0.0, 0.0, 0.0, 0.0, 0.0, 0.125, 0.125
25.719724, OPEN_LOOP, 0.0, 0.0, 4.3318726913359787E-4, -4.3318726913359787E-4, 0.0, 0.0, 0.0, 0.0, 7.420000076293945, 0.0, 0.0, 0.0, 0.0, 0.0, 0.0, 0.0, 0.0, 0.0, 0.0, 0.0, 0.0, 0.125, 0.125
25.742478, OPEN_LOOP, 0.0, 0.0, 4.3318726913359787E-4, -4.3318726913359787E-4, 0.0, 0.0, 0.0, 0.0, 7.420000076293945, 0.0, 0.0, 0.0, 0.0, 0.0, 0.0, 0.0, 0.0, 0.0, 0.0, 0.0, 0.0, 0.125, 0.125
25.778669999999998, OPEN_LOOP, 0.0, 0.0, 4.3318726913359787E-4, -4.3318726913359787E-4, 0.0, 0.0, 0.0, 0.0, 7.420000076293945, 0.0, 0.0, 0.0, 0.0, 0.0, 0.0, 0.0, 0.0, 0.0, 0.0, 0.0, 0.0, 0.125, 0.125
25.802535, OPEN_LOOP, 0.0, 0.0, 4.3318726913359787E-4, -4.3318726913359787E-4, 0.0, 0.0, 0.0, 0.0, 7.420000076293945, 0.0, 0.0, 0.0, 0.0, 0.0, 0.0, 0.0, 0.0, 0.0, 0.0, 0.0, 0.0, 0.125, 0.125
25.838149, OPEN_LOOP, 0.0, 0.0, 4.3318726913359787E-4, -4.3318726913359787E-4, 0.0, 0.0, 0.0, 0.0, 7.449999809265137, 0.0, 0.0, 0.0, 0.0, 0.0, 0.0, 0.0, 0.0, 0.0, 0.0, 0.0, 0.0, 0.125, 0.125
25.877278, OPEN_LOOP, 0.0, 0.0, 4.3318726913359787E-4, -4.3318726913359787E-4, 0.0, 0.0, 0.0, 0.0, 7.489999771118164, 0.0, 0.0, 0.0, 0.0, 0.0, 0.0, 0.0, 0.0, 0.0, 0.0, 0.0, 0.0, 0.125, 0.125
25.900122, OPEN_LOOP, 0.0, 0.0, 4.3318726913359787E-4, -4.3318726913359787E-4, 0.0, 0.0, 0.0, 0.0, 7.489999771118164, 0.0, 0.0, 0.0, 0.0, 0.0, 0.0, 0.0, 0.0, 0.0, 0.0, 0.0, 0.0, 0.125, 0.125
25.937298, OPEN_LOOP, 0.0, 0.0, 4.3318726913359787E-4, -4.3318726913359787E-4, 0.0, 0.0, 0.0, 0.0, 7.489999771118164, 0.0, 0.0, 0.0, 0.0, 0.0, 0.0, 0.0, 0.0, 0.0, 0.0, 0.0, 0.0, 0.125, 0.125
25.960168, OPEN_LOOP, 0.0, 0.0, 4.3318726913359787E-4, -4.3318726913359787E-4, 0.0, 0.0, 0.0, 0.0, 7.480000019073486, 0.0, 0.0, 0.0, 0.0, 0.0, 0.0, 0.0, 0.0, 0.0, 0.0, 0.0, 0.0, 0.125, 0.125
25.999474, OPEN_LOOP, 0.0, 0.0, 4.3318726913359787E-4, -4.3318726913359787E-4, 0.0, 0.0, 0.0, 0.0, 7.449999809265137, 0.0, 0.0, 0.0, 0.0, 0.0, 0.0, 0.0, 0.0, 0.0, 0.0, 0.0, 0.0, 0.125, 0.125
26.0381, OPEN_LOOP, 0.0, 0.0, 4.3318726913359787E-4, -4.3318726913359787E-4, 0.0, 0.0, 0.0, 0.0, 7.449999809265137, 0.0, 0.0, 0.0, 0.0, 0.0, 0.0, 0.0, 0.0, 0.0, 0.0, 0.0, 0.0, 0.125, 0.125
26.061612, OPEN_LOOP, 0.0, 0.0, 4.3318726913359787E-4, -4.3318726913359787E-4, 0.0, 0.0, 0.0, 0.0, 7.46999979019165, 0.0, 0.0, 0.0, 0.0, 0.0, 0.0, 0.0, 0.0, 0.0, 0.0, 0.0, 0.0, 0.125, 0.125
26.098221, OPEN_LOOP, 0.0, 0.0, 4.3318726913359787E-4, -4.3318726913359787E-4, 0.0, 0.0, 0.0, 0.0, 7.510000228881836, 0.0, 0.0, 0.0, 0.0, 0.0, 0.0, 0.0, 0.0, 0.0, 0.0, 0.0, 0.0, 0.125, 0.125
26.132623, OPEN_LOOP, 0.0, 0.0, 4.3318726913359787E-4, -4.3318726913359787E-4, 0.0, 0.0, 0.0, 0.0, 7.550000190734863, 0.0, 0.0, 0.0, 0.0, 0.0, 0.0, 0.0, 0.0, 0.0, 0.0, 0.0, 0.0, 0.125, 0.125
26.158388, OPEN_LOOP, 0.0, 0.0, 4.3318726913359787E-4, -4.3318726913359787E-4, 0.0, 0.0, 0.0, 0.0, 7.559999942779541, 0.0, 0.0, 0.0, 0.0, 0.0, 0.0, 0.0, 0.0, 0.0, 0.0, 0.0, 0.0, 0.125, 0.125
26.183025999999998, OPEN_LOOP, 0.0, 0.0, 4.3318726913359787E-4, -4.3318726913359787E-4, 0.0, 0.0, 0.0, 0.0, 7.559999942779541, 0.0, 0.0, 0.0, 0.0, 0.0, 0.0, 0.0, 0.0, 0.0, 0.0, 0.0, 0.0, 0.125, 0.125
26.227626, OPEN_LOOP, 0.0, 0.0, 4.3318726913359787E-4, -4.3318726913359787E-4, 0.0, 0.0, 0.0, 0.0, 7.550000190734863, 0.0, 0.0, 0.0, 0.0, 0.0, 0.0, 0.0, 0.0, 0.0, 0.0, 0.0, 0.0, 0.125, 0.125
26.276692999999998, OPEN_LOOP, 0.0, 0.0, 4.3318726913359787E-4, -4.3318726913359787E-4, 0.0, 0.0, 0.0, 0.0, 7.539999961853027, 0.0, 0.0, 0.0, 0.0, 0.0, 0.0, 0.0, 0.0, 0.0, 0.0, 0.0, 0.0, 0.125, 0.125
26.299849, OPEN_LOOP, 0.0, 0.0, 4.3318726913359787E-4, -4.3318726913359787E-4, 0.0, 0.0, 0.0, 0.0, 7.519999980926514, 0.0, 0.0, 0.0, 0.0, 0.0, 0.0, 0.0, 0.0, 0.0, 0.0, 0.0, 0.0, 0.125, 0.125
26.337238, OPEN_LOOP, 0.0, 0.0, 4.3318726913359787E-4, -4.3318726913359787E-4, 0.0, 0.0, 0.0, 0.0, 7.489999771118164, 0.0, 0.0, 0.0, 0.0, 0.0, 0.0, 0.0, 0.0, 0.0, 0.0, 0.0, 0.0, 0.125, 0.125
26.358083999999998, OPEN_LOOP, 0.0, 0.0, 4.3318726913359787E-4, -4.3318726913359787E-4, 0.0, 0.0, 0.0, 0.0, 7.429999828338623, 0.0, 0.0, 0.0, 0.0, 0.0, 0.0, 0.0, 0.0, 0.0, 0.0, 0.0, 0.0, 0.125, 0.125
26.380308, OPEN_LOOP, 0.0, 0.0, 4.3318726913359787E-4, -4.3318726913359787E-4, 0.0, 0.0, 0.0, 0.0, 7.389999866485596, 0.0, 0.0, 0.0, 0.0, 0.0, 0.0, 0.0, 0.0, 0.0, 0.0, 0.0, 0.0, 0.125, 0.125
26.418194, OPEN_LOOP, 0.0, 0.0, 4.3318726913359787E-4, -4.3318726913359787E-4, 0.0, 0.0, 0.0, 0.0, 7.289999961853027, 0.0, 0.0, 0.0, 0.0, 0.0, 0.0, 0.0, 0.0, 0.0, 0.0, 0.0, 0.0, 0.125, 0.125
26.438709, OPEN_LOOP, 0.0, 0.0, 4.3318726913359787E-4, -4.3318726913359787E-4, 0.0, 0.0, 0.0, 0.0, 7.269999980926514, 0.0, 0.0, 0.0, 0.0, 0.0, 0.0, 0.0, 0.0, 0.0, 0.0, 0.0, 0.0, 0.125, 0.125
26.462314, OPEN_LOOP, 0.0, 0.0, 4.3318726913359787E-4, -4.3318726913359787E-4, 0.0, 0.0, 0.0, 0.0, 7.230000019073486, 0.0, 0.0, 0.0, 0.0, 0.0, 0.0, 0.0, 0.0, 0.0, 0.0, 0.0, 0.0, 0.125, 0.125
26.499343, OPEN_LOOP, 0.0, 0.0, 4.3318726913359787E-4, -4.3318726913359787E-4, 0.0, 0.0, 0.0, 0.0, 7.210000038146973, 0.0, 0.0, 0.0, 0.0, 0.0, 0.0, 0.0, 0.0, 0.0, 0.0, 0.0, 0.0, 0.125, 0.125
26.522201, OPEN_LOOP, 0.0, 0.0, 4.3318726913359787E-4, -4.3318726913359787E-4, 0.0, 0.0, 0.0, 0.0, 7.199999809265137, 0.0, 0.0, 0.0, 0.0, 0.0, 0.0, 0.0, 0.0, 0.0, 0.0, 0.0, 0.0, 0.125, 0.125
26.558571, OPEN_LOOP, 0.0, 0.0, 4.3318726913359787E-4, -4.3318726913359787E-4, 0.0, 0.0, 0.0, 0.0, 7.119999885559082, 0.0, 0.0, 0.0, 0.0, 0.0, 0.0, 0.0, 0.0, 0.0, 0.0, 0.0, 0.0, 0.125, 0.125
26.582377, OPEN_LOOP, 0.0, 0.0, 4.3318726913359787E-4, -4.3318726913359787E-4, 0.0, 0.0, 0.0, 0.0, 7.019999980926514, 0.0, 0.0, 0.0, 0.0, 0.0, 0.0, 0.0, 0.0, 0.0, 0.0, 0.0, 0.0, 0.125, 0.125
26.616857, OPEN_LOOP, 0.0, 0.0, 4.3318726913359787E-4, -4.3318726913359787E-4, 0.0, 0.0, 0.0, 0.0, 7.0, 0.0, 0.0, 0.0, 0.0, 0.0, 0.0, 0.0, 0.0, 0.0, 0.0, 0.0, 0.0, 0.125, 0.125
26.638538999999998, OPEN_LOOP, 0.0, 0.0, 4.3318726913359787E-4, -4.3318726913359787E-4, 0.0, 0.0, 0.0, 0.0, 7.0, 0.0, 0.0, 0.0, 0.0, 0.0, 0.0, 0.0, 0.0, 0.0, 0.0, 0.0, 0.0, 0.125, 0.125
26.676887999999998, OPEN_LOOP, 0.0, 0.0, 4.3318726913359787E-4, -4.3318726913359787E-4, 0.0, 0.0, 0.0, 0.0, 6.929999828338623, 0.0, 0.0, 0.0, 0.0, 0.0, 0.0, 0.0, 0.0, 0.0, 0.0, 0.0, 0.0, 0.125, 0.125
26.700046999999998, OPEN_LOOP, 0.0, 0.0, 4.3318726913359787E-4, -4.3318726913359787E-4, 0.0, 0.0, 0.0, 0.0, 6.78000020980835, 0.0, 0.0, 0.0, 0.0, 0.0, 0.0, 0.0, 0.0, 0.0, 0.0, 0.0, 0.0, 0.125, 0.125
26.738005, OPEN_LOOP, 0.0, 0.0, 4.3318726913359787E-4, -4.3318726913359787E-4, 0.0, 0.0, 0.0, 0.0, 6.610000133514404, 0.0, 0.0, 0.0, 0.0, 0.0, 0.0, 0.0, 0.0, 0.0, 0.0, 0.0, 0.0, 0.125, 0.125
26.760443, OPEN_LOOP, 0.0, 0.0, 4.3318726913359787E-4, -4.3318726913359787E-4, 0.0, 0.0, 0.0, 0.0, 6.559999942779541, 0.0, 0.0, 0.0, 0.0, 0.0, 0.0, 0.0, 0.0, 0.0, 0.0, 0.0, 0.0, 0.125, 0.125
26.799191999999998, OPEN_LOOP, 0.0, 0.0, 4.3318726913359787E-4, -4.3318726913359787E-4, 0.0, 0.0, 0.0, 0.0, 6.440000057220459, 0.0, 0.0, 0.0, 0.0, 0.0, 0.0, 0.0, 0.0, 0.0, 0.0, 0.0, 0.0, 0.125, 0.125
26.821798, OPEN_LOOP, 0.0, 0.0, 4.3318726913359787E-4, -4.3318726913359787E-4, 0.0, 0.0, 0.0, 0.0, 6.400000095367432, 0.0, 0.0, 0.0, 0.0, 0.0, 0.0, 0.0, 0.0, 0.0, 0.0, 0.0, 0.0, 0.125, 0.125
26.858618, OPEN_LOOP, 0.0, 0.0, 4.3318726913359787E-4, -4.3318726913359787E-4, 0.0, 0.0, 0.0, 0.0, 6.28000020980835, 0.0, 0.0, 0.0, 0.0, 0.0, 0.0, 0.0, 0.0, 0.0, 0.0, 0.0, 0.0, 0.125, 0.125
26.882359, OPEN_LOOP, 0.0, 0.0, 4.3318726913359787E-4, -4.3318726913359787E-4, 0.0, 0.0, 0.0, 0.0, 6.239999771118164, 0.0, 0.0, 0.0, 0.0, 0.0, 0.0, 0.0, 0.0, 0.0, 0.0, 0.0, 0.0, 0.125, 0.125
26.918743, OPEN_LOOP, 0.0, 0.0, 4.3318726913359787E-4, -4.3318726913359787E-4, 0.0, 0.0, 0.0, 0.0, 6.130000114440918, 0.0, 0.0, 0.0, 0.0, 0.0, 0.0, 0.0, 0.0, 0.0, 0.0, 0.0, 0.0, 0.125, 0.125
26.958152, OPEN_LOOP, 0.0, 0.0, 4.3318726913359787E-4, -4.3318726913359787E-4, 0.0, 0.0, 0.0, 0.0, 6.059999942779541, 0.0, 0.0, 0.0, 0.0, 0.0, 0.0, 0.0, 0.0, 0.0, 0.0, 0.0, 0.0, 0.125, 0.125
26.982512, OPEN_LOOP, 0.0, 0.0, 4.3318726913359787E-4, -4.3318726913359787E-4, 0.0, 0.0, 0.0, 0.0, 6.050000190734863, 0.0, 0.0, 0.0, 0.0, 0.0, 0.0, 0.0, 0.0, 0.0, 0.0, 0.0, 0.0, 0.125, 0.125
27.019714999999998, OPEN_LOOP, 0.0, 0.0, 4.3318726913359787E-4, -4.3318726913359787E-4, 0.0, 0.0, 0.0, 0.0, 6.0, 0.0, 0.0, 0.0, 0.0, 0.0, 0.0, 0.0, 0.0, 0.0, 0.0, 0.0, 0.0, 0.125, 0.125
27.057387, OPEN_LOOP, 0.0, 0.0, 4.3318726913359787E-4, -4.3318726913359787E-4, 0.0, 0.0, 0.0, 0.0, 5.980000019073486, 0.0, 0.0, 0.0, 0.0, 0.0, 0.0, 0.0, 0.0, 0.0, 0.0, 0.0, 0.0, 0.125, 0.125
27.080047, OPEN_LOOP, 0.0, 0.0, 4.3318726913359787E-4, -4.3318726913359787E-4, 0.0, 0.0, 0.0, 0.0, 5.949999809265137, 0.0, 0.0, 0.0, 0.0, 0.0, 0.0, 0.0, 0.0, 0.0, 0.0, 0.0, 0.0, 0.125, 0.125
27.117188, OPEN_LOOP, 0.0, 0.0, 4.3318726913359787E-4, -4.3318726913359787E-4, 0.0, 0.0, 0.0, 0.0, 5.929999828338623, 0.0, 0.0, 0.0, 0.0, 0.0, 0.0, 0.0, 0.0, 0.0, 0.0, 0.0, 0.0, 0.125, 0.125
27.157289999999996, OPEN_LOOP, 0.0, 0.0, 4.3318726913359787E-4, -4.3318726913359787E-4, 0.0, 0.0, 0.0, 0.0, 5.929999828338623, 0.0, 0.0, 0.0, 0.0, 0.0, 0.0, 0.0, 0.0, 0.0, 0.0, 0.0, 0.0, 0.125, 0.125
27.178744000000002, OPEN_LOOP, 0.0, 0.0, 4.3318726913359787E-4, -4.3318726913359787E-4, 0.0, 0.0, 0.0, 0.0, 5.920000076293945, 0.0, 0.0, 0.0, 0.0, 0.0, 0.0, 0.0, 0.0, 0.0, 0.0, 0.0, 0.0, 0.125, 0.125
27.203933, OPEN_LOOP, 0.0, 0.0, 4.3318726913359787E-4, -4.3318726913359787E-4, 0.0, 0.0, 0.0, 0.0, 5.909999847412109, 0.0, 0.0, 0.0, 0.0, 0.0, 0.0, 0.0, 0.0, 0.0, 0.0, 0.0, 0.0, 0.125, 0.125
27.237564, OPEN_LOOP, 0.0, 0.0, 4.3318726913359787E-4, -4.3318726913359787E-4, 0.0, 0.0, 0.0, 0.0, 5.909999847412109, 0.0, 0.0, 0.0, 0.0, 0.0, 0.0, 0.0, 0.0, 0.0, 0.0, 0.0, 0.0, 0.125, 0.125
27.261445000000002, OPEN_LOOP, 0.0, 0.0, 4.3318726913359787E-4, -4.3318726913359787E-4, 0.0, 0.0, 0.0, 0.0, 5.909999847412109, 0.0, 0.0, 0.0, 0.0, 0.0, 0.0, 0.0, 0.0, 0.0, 0.0, 0.0, 0.0, 0.125, 0.125
27.296889999999998, OPEN_LOOP, 0.0, 0.0, 4.3318726913359787E-4, -4.3318726913359787E-4, 0.0, 0.0, 0.0, 0.0, 5.96999979019165, 0.0, 0.0, 0.0, 0.0, 0.0, 0.0, 0.0, 0.0, 0.0, 0.0, 0.0, 0.0, 0.125, 0.125
27.317523, OPEN_LOOP, 0.0, 0.0, 4.3318726913359787E-4, -4.3318726913359787E-4, 0.0, 0.0, 0.0, 0.0, 5.989999771118164, 0.0, 0.0, 0.0, 0.0, 0.0, 0.0, 0.0, 0.0, 0.0, 0.0, 0.0, 0.0, 0.125, 0.125
27.339934999999997, OPEN_LOOP, 0.0, 0.0, 4.3318726913359787E-4, -4.3318726913359787E-4, 0.0, 0.0, 0.0, 0.0, 6.0, 0.0, 0.0, 0.0, 0.0, 0.0, 0.0, 0.0, 0.0, 0.0, 0.0, 0.0, 0.0, 0.125, 0.125
27.37715, OPEN_LOOP, 0.0, 0.0, 4.3318726913359787E-4, -4.3318726913359787E-4, 0.0, 0.0, 0.0, 0.0, 6.050000190734863, 0.0, 0.0, 0.0, 0.0, 0.0, 0.0, 0.0, 0.0, 0.0, 0.0, 0.0, 0.0, 0.125, 0.125
27.397267999999997, OPEN_LOOP, 0.0, 0.0, 4.3318726913359787E-4, -4.3318726913359787E-4, 0.0, 0.0, 0.0, 0.0, 6.059999942779541, 0.0, 0.0, 0.0, 0.0, 0.0, 0.0, 0.0, 0.0, 0.0, 0.0, 0.0, 0.0, 0.125, 0.125
27.417509000000003, OPEN_LOOP, 0.0, 0.0, 4.3318726913359787E-4, -4.3318726913359787E-4, 0.0, 0.0, 0.0, 0.0, 6.070000171661377, 0.0, 0.0, 0.0, 0.0, 0.0, 0.0, 0.0, 0.0, 0.0, 0.0, 0.0, 0.0, 0.125, 0.125
27.439594, OPEN_LOOP, 0.0, 0.0, 4.3318726913359787E-4, -4.3318726913359787E-4, 0.0, 0.0, 0.0, 0.0, 6.050000190734863, 0.0, 0.0, 0.0, 0.0, 0.0, 0.0, 0.0, 0.0, 0.0, 0.0, 0.0, 0.0, 0.125, 0.125
27.477942999999996, OPEN_LOOP, 0.0, 0.0, 4.3318726913359787E-4, -4.3318726913359787E-4, 0.0, 0.0, 0.0, 0.0, 6.139999866485596, 0.0, 0.0, 0.0, 0.0, 0.0, 0.0, 0.0, 0.0, 0.0, 0.0, 0.0, 0.0, 0.125, 0.125
27.502588000000003, OPEN_LOOP, 0.0, 0.0, 4.3318726913359787E-4, -4.3318726913359787E-4, 0.0, 0.0, 0.0, 0.0, 6.110000133514404, 0.0, 0.0, 0.0, 0.0, 0.0, 0.0, 0.0, 0.0, 0.0, 0.0, 0.0, 0.0, 0.125, 0.125
27.537793999999998, OPEN_LOOP, 0.0, 0.0, 4.3318726913359787E-4, -4.3318726913359787E-4, 0.0, 0.0, 0.0, 0.0, 6.039999961853027, 0.0, 0.0, 0.0, 0.0, 0.0, 0.0, 0.0, 0.0, 0.0, 0.0, 0.0, 0.0, 0.125, 0.125
27.557912, OPEN_LOOP, 0.0, 0.0, 4.3318726913359787E-4, -4.3318726913359787E-4, 0.0, 0.0, 0.0, 0.0, 6.03000020980835, 0.0, 0.0, 0.0, 0.0, 0.0, 0.0, 0.0, 0.0, 0.0, 0.0, 0.0, 0.0, 0.125, 0.125
27.577637000000003, OPEN_LOOP, 0.0, 0.0, 4.3318726913359787E-4, -4.3318726913359787E-4, 0.0, 0.0, 0.0, 0.0, 6.019999980926514, 0.0, 0.0, 0.0, 0.0, 0.0, 0.0, 0.0, 0.0, 0.0, 0.0, 0.0, 0.0, 0.125, 0.125
27.599846, OPEN_LOOP, 0.0, 0.0, 4.3318726913359787E-4, -4.3318726913359787E-4, 0.0, 0.0, 0.0, 0.0, 6.010000228881836, 0.0, 0.0, 0.0, 0.0, 0.0, 0.0, 0.0, 0.0, 0.0, 0.0, 0.0, 0.0, 0.125, 0.125
27.620227, OPEN_LOOP, 0.0, 0.0, 4.3318726913359787E-4, -4.3318726913359787E-4, 0.0, 0.0, 0.0, 0.0, 6.010000228881836, 0.0, 0.0, 0.0, 0.0, 0.0, 0.0, 0.0, 0.0, 0.0, 0.0, 0.0, 0.0, 0.125, 0.125
27.641511, OPEN_LOOP, 0.0, 0.0, 4.3318726913359787E-4, -4.3318726913359787E-4, 0.0, 0.0, 0.0, 0.0, 6.010000228881836, 0.0, 0.0, 0.0, 0.0, 0.0, 0.0, 0.0, 0.0, 0.0, 0.0, 0.0, 0.0, 0.125, 0.125
27.676550999999996, OPEN_LOOP, 0.0, 0.0, 4.3318726913359787E-4, -4.3318726913359787E-4, 0.0, 0.0, 0.0, 0.0, 6.010000228881836, 0.0, 0.0, 0.0, 0.0, 0.0, 0.0, 0.0, 0.0, 0.0, 0.0, 0.0, 0.0, 0.125, 0.125
27.698102, OPEN_LOOP, 0.0, 0.0, 4.3318726913359787E-4, -4.3318726913359787E-4, 0.0, 0.0, 0.0, 0.0, 6.019999980926514, 0.0, 0.0, 0.0, 0.0, 0.0, 0.0, 0.0, 0.0, 0.0, 0.0, 0.0, 0.0, 0.125, 0.125
27.717425999999996, OPEN_LOOP, 0.0, 0.0, 4.3318726913359787E-4, -4.3318726913359787E-4, 0.0, 0.0, 0.0, 0.0, 6.039999961853027, 0.0, 0.0, 0.0, 0.0, 0.0, 0.0, 0.0, 0.0, 0.0, 0.0, 0.0, 0.0, 0.125, 0.125
27.738236, OPEN_LOOP, 0.0, 0.0, 4.3318726913359787E-4, -4.3318726913359787E-4, 0.0, 0.0, 0.0, 0.0, 6.039999961853027, 0.0, 0.0, 0.0, 0.0, 0.0, 0.0, 0.0, 0.0, 0.0, 0.0, 0.0, 0.0, 0.125, 0.125
27.761876, OPEN_LOOP, 0.0, 0.0, 4.3318726913359787E-4, -4.3318726913359787E-4, 0.0, 0.0, 0.0, 0.0, 6.010000228881836, 0.0, 0.0, 0.0, 0.0, 0.0, 0.0, 0.0, 0.0, 0.0, 0.0, 0.0, 0.0, 0.125, 0.125
27.796856, OPEN_LOOP, 0.0, 0.0, 4.3318726913359787E-4, -4.3318726913359787E-4, 0.0, 0.0, 0.0, 0.0, 5.96999979019165, 0.0, 0.0, 0.0, 0.0, 0.0, 0.0, 0.0, 0.0, 0.0, 0.0, 0.0, 0.0, 0.125, 0.125
27.817740999999998, OPEN_LOOP, 0.0, 0.0, 4.3318726913359787E-4, -4.3318726913359787E-4, 0.0, 0.0, 0.0, 0.0, 5.940000057220459, 0.0, 0.0, 0.0, 0.0, 0.0, 0.0, 0.0, 0.0, 0.0, 0.0, 0.0, 0.0, 0.125, 0.125
27.837071, OPEN_LOOP, 0.0, 0.0, 4.3318726913359787E-4, -4.3318726913359787E-4, 0.0, 0.0, 0.0, 0.0, 5.929999828338623, 0.0, 0.0, 0.0, 0.0, 0.0, 0.0, 0.0, 0.0, 0.0, 0.0, 0.0, 0.0, 0.125, 0.125
27.857154, OPEN_LOOP, 0.0, 0.0, 4.3318726913359787E-4, -4.3318726913359787E-4, 0.0, 0.0, 0.0, 0.0, 5.909999847412109, 0.0, 0.0, 0.0, 0.0, 0.0, 0.0, 0.0, 0.0, 0.0, 0.0, 0.0, 0.0, 0.125, 0.125
27.877566, OPEN_LOOP, 0.0, 0.0, 4.3318726913359787E-4, -4.3318726913359787E-4, 0.0, 0.0, 0.0, 0.0, 5.900000095367432, 0.0, 0.0, 0.0, 0.0, 0.0, 0.0, 0.0, 0.0, 0.0, 0.0, 0.0, 0.0, 0.125, 0.125
27.897748, OPEN_LOOP, 0.0, 0.0, 4.3318726913359787E-4, -4.3318726913359787E-4, 0.0, 0.0, 0.0, 0.0, 5.909999847412109, 0.0, 0.0, 0.0, 0.0, 0.0, 0.0, 0.0, 0.0, 0.0, 0.0, 0.0, 0.0, 0.125, 0.125
27.917885, OPEN_LOOP, 0.0, 0.0, 4.3318726913359787E-4, -4.3318726913359787E-4, 0.0, 0.0, 0.0, 0.0, 5.920000076293945, 0.0, 0.0, 0.0, 0.0, 0.0, 0.0, 0.0, 0.0, 0.0, 0.0, 0.0, 0.0, 0.125, 0.125
27.938724999999998, OPEN_LOOP, 0.0, 0.0, 4.3318726913359787E-4, -4.3318726913359787E-4, 0.0, 0.0, 0.0, 0.0, 5.940000057220459, 0.0, 0.0, 0.0, 0.0, 0.0, 0.0, 0.0, 0.0, 0.0, 0.0, 0.0, 0.0, 0.125, 0.125
27.960410000000003, OPEN_LOOP, 0.0, 0.0, 4.3318726913359787E-4, -4.3318726913359787E-4, 0.0, 0.0, 0.0, 0.0, 5.949999809265137, 0.0, 0.0, 0.0, 0.0, 0.0, 0.0, 0.0, 0.0, 0.0, 0.0, 0.0, 0.0, 0.125, 0.125
27.998295999999996, OPEN_LOOP, 0.0, 0.0, 4.3318726913359787E-4, -4.3318726913359787E-4, 0.0, 0.0, 0.0, 0.0, 5.980000019073486, 0.0, 0.0, 0.0, 0.0, 0.0, 0.0, 0.0, 0.0, 0.0, 0.0, 0.0, 0.0, 0.125, 0.125
28.036645999999998, OPEN_LOOP, 0.0, 0.0, 4.3318726913359787E-4, -4.3318726913359787E-4, 0.0, 0.0, 0.0, 0.0, 5.989999771118164, 0.0, 0.0, 0.0, 0.0, 0.0, 0.0, 0.0, 0.0, 0.0, 0.0, 0.0, 0.0, 0.125, 0.125
28.057575, OPEN_LOOP, 0.0, 0.0, 4.3318726913359787E-4, -4.3318726913359787E-4, 0.0, 0.0, 0.0, 0.0, 6.0, 0.0, 0.0, 0.0, 0.0, 0.0, 0.0, 0.0, 0.0, 0.0, 0.0, 0.0, 0.0, 0.125, 0.125
28.080751, OPEN_LOOP, 0.0, 0.0, 4.3318726913359787E-4, -4.3318726913359787E-4, 0.0, 0.0, 0.0, 0.0, 5.989999771118164, 0.0, 0.0, 0.0, 0.0, 0.0, 0.0, 0.0, 0.0, 0.0, 0.0, 0.0, 0.0, 0.125, 0.125
28.117931, OPEN_LOOP, 0.0, 0.0, 4.3318726913359787E-4, -4.3318726913359787E-4, 0.0, 0.0, 0.0, 0.0, 5.96999979019165, 0.0, 0.0, 0.0, 0.0, 0.0, 0.0, 0.0, 0.0, 0.0, 0.0, 0.0, 0.0, 0.125, 0.125
28.138078, OPEN_LOOP, 0.0, 0.0, 4.3318726913359787E-4, -4.3318726913359787E-4, 0.0, 0.0, 0.0, 0.0, 5.96999979019165, 0.0, 0.0, 0.0, 0.0, 0.0, 0.0, 0.0, 0.0, 0.0, 0.0, 0.0, 0.0, 0.125, 0.125
28.161267000000002, OPEN_LOOP, 0.0, 0.0, 4.3318726913359787E-4, -4.3318726913359787E-4, 0.0, 0.0, 0.0, 0.0, 5.960000038146973, 0.0, 0.0, 0.0, 0.0, 0.0, 0.0, 0.0, 0.0, 0.0, 0.0, 0.0, 0.0, 0.125, 0.125
28.197200000000002, OPEN_LOOP, 0.0, 0.0, 4.3318726913359787E-4, -4.3318726913359787E-4, 0.0, 0.0, 0.0, 0.0, 5.960000038146973, 0.0, 0.0, 0.0, 0.0, 0.0, 0.0, 0.0, 0.0, 0.0, 0.0, 0.0, 0.0, 0.125, 0.125
28.217270999999997, OPEN_LOOP, 0.0, 0.0, 4.3318726913359787E-4, -4.3318726913359787E-4, 0.0, 0.0, 0.0, 0.0, 5.960000038146973, 0.0, 0.0, 0.0, 0.0, 0.0, 0.0, 0.0, 0.0, 0.0, 0.0, 0.0, 0.0, 0.125, 0.125
28.238270999999997, OPEN_LOOP, 0.0, 0.0, 4.3318726913359787E-4, -4.3318726913359787E-4, 0.0, 0.0, 0.0, 0.0, 5.96999979019165, 0.0, 0.0, 0.0, 0.0, 0.0, 0.0, 0.0, 0.0, 0.0, 0.0, 0.0, 0.0, 0.125, 0.125
28.278126999999998, OPEN_LOOP, 0.0, 0.0, 4.3318726913359787E-4, -4.3318726913359787E-4, 0.0, 0.0, 0.0, 0.0, 6.079999923706055, 0.0, 0.0, 0.0, 0.0, 0.0, 0.0, 0.0, 0.0, 0.0, 0.0, 0.0, 0.0, 0.125, 0.125
28.316954000000003, OPEN_LOOP, 0.0, 0.0, 4.3318726913359787E-4, -4.3318726913359787E-4, 0.0, 0.0, 0.0, 0.0, 6.159999847412109, 0.0, 0.0, 0.0, 0.0, 0.0, 0.0, 0.0, 0.0, 0.0, 0.0, 0.0, 0.0, 0.125, 0.125
28.357245, OPEN_LOOP, 0.0, 0.0, 4.3318726913359787E-4, -4.3318726913359787E-4, 0.0, 0.0, 0.0, 0.0, 6.28000020980835, 0.0, 0.0, 0.0, 0.0, 0.0, 0.0, 0.0, 0.0, 0.0, 0.0, 0.0, 0.0, 0.125, 0.125
28.398041, OPEN_LOOP, 0.0, 0.0, 4.3318726913359787E-4, -4.3318726913359787E-4, 0.0, 0.0, 0.0, 0.0, 6.449999809265137, 0.0, 0.0, 0.0, 0.0, 0.0, 0.0, 0.0, 0.0, 0.0, 0.0, 0.0, 0.0, 0.125, 0.125
28.437492999999996, OPEN_LOOP, 0.0, 0.0, 4.3318726913359787E-4, -4.3318726913359787E-4, 0.0, 0.0, 0.0, 0.0, 6.610000133514404, 0.0, 0.0, 0.0, 0.0, 0.0, 0.0, 0.0, 0.0, 0.0, 0.0, 0.0, 0.0, 0.125, 0.125
28.477983000000002, OPEN_LOOP, 0.0, 0.0, 4.3318726913359787E-4, -4.3318726913359787E-4, 0.0, 0.0, 0.0, 0.0, 6.739999771118164, 0.0, 0.0, 0.0, 0.0, 0.0, 0.0, 0.0, 0.0, 0.0, 0.0, 0.0, 0.0, 0.125, 0.125
28.517712000000003, OPEN_LOOP, 0.0, 0.0, 4.3318726913359787E-4, -4.3318726913359787E-4, 0.0, 0.0, 0.0, 0.0, 6.860000133514404, 0.0, 0.0, 0.0, 0.0, 0.0, 0.0, 0.0, 0.0, 0.0, 0.0, 0.0, 0.0, 0.125, 0.125
28.558597999999996, OPEN_LOOP, 0.0, 0.0, 4.3318726913359787E-4, -4.3318726913359787E-4, 0.0, 0.0, 0.0, 0.0, 6.920000076293945, 0.0, 0.0, 0.0, 0.0, 0.0, 0.0, 0.0, 0.0, 0.0, 0.0, 0.0, 0.0, 0.125, 0.125
28.597219000000003, OPEN_LOOP, 0.0, 0.0, 4.3318726913359787E-4, -4.3318726913359787E-4, 0.0, 0.0, 0.0, 0.0, 6.980000019073486, 0.0, 0.0, 0.0, 0.0, 0.0, 0.0, 0.0, 0.0, 0.0, 0.0, 0.0, 0.0, 0.125, 0.125
28.623331999999998, OPEN_LOOP, 0.0, 0.0, 4.3318726913359787E-4, -4.3318726913359787E-4, 0.0, 0.0, 0.0, 0.0, 7.010000228881836, 0.0, 0.0, 0.0, 0.0, 0.0, 0.0, 0.0, 0.0, 0.0, 0.0, 0.0, 0.0, 0.125, 0.125
28.657969, OPEN_LOOP, 0.0, 0.0, 4.3318726913359787E-4, -4.3318726913359787E-4, 0.0, 0.0, 0.0, 0.0, 7.059999942779541, 0.0, 0.0, 0.0, 0.0, 0.0, 0.0, 0.0, 0.0, 0.0, 0.0, 0.0, 0.0, 0.125, 0.125
28.682715, OPEN_LOOP, 0.0, 0.0, 4.3318726913359787E-4, -4.3318726913359787E-4, 0.0, 0.0, 0.0, 0.0, 7.079999923706055, 0.0, 0.0, 0.0, 0.0, 0.0, 0.0, 0.0, 0.0, 0.0, 0.0, 0.0, 0.0, 0.125, 0.125
28.718325, OPEN_LOOP, 0.0, 0.0, 4.3318726913359787E-4, -4.3318726913359787E-4, 0.0, 0.0, 0.0, 0.0, 7.119999885559082, 0.0, 0.0, 0.0, 0.0, 0.0, 0.0, 0.0, 0.0, 0.0, 0.0, 0.0, 0.0, 0.125, 0.125
28.758260999999997, OPEN_LOOP, 0.0, 0.0, 4.3318726913359787E-4, -4.3318726913359787E-4, 0.0, 0.0, 0.0, 0.0, 7.159999847412109, 0.0, 0.0, 0.0, 0.0, 0.0, 0.0, 0.0, 0.0, 0.0, 0.0, 0.0, 0.0, 0.125, 0.125
28.799374999999998, OPEN_LOOP, 0.0, 0.0, 4.3318726913359787E-4, -4.3318726913359787E-4, 0.0, 0.0, 0.0, 0.0, 7.190000057220459, 0.0, 0.0, 0.0, 0.0, 0.0, 0.0, 0.0, 0.0, 0.0, 0.0, 0.0, 0.0, 0.125, 0.125
28.839551999999998, OPEN_LOOP, 0.0, 0.0, 4.3318726913359787E-4, -4.3318726913359787E-4, 0.0, 0.0, 0.0, 0.0, 7.210000038146973, 0.0, 0.0, 0.0, 0.0, 0.0, 0.0, 0.0, 0.0, 0.0, 0.0, 0.0, 0.0, 0.125, 0.125
28.876685000000002, OPEN_LOOP, 0.0, 0.0, 4.3318726913359787E-4, -4.3318726913359787E-4, 0.0, 0.0, 0.0, 0.0, 7.230000019073486, 0.0, 0.0, 0.0, 0.0, 0.0, 0.0, 0.0, 0.0, 0.0, 0.0, 0.0, 0.0, 0.125, 0.125
28.903371999999997, OPEN_LOOP, 0.0, 0.0, 4.3318726913359787E-4, -4.3318726913359787E-4, 0.0, 0.0, 0.0, 0.0, 7.239999771118164, 0.0, 0.0, 0.0, 0.0, 0.0, 0.0, 0.0, 0.0, 0.0, 0.0, 0.0, 0.0, 0.125, 0.125
28.937706, OPEN_LOOP, 0.0, 0.0, 4.3318726913359787E-4, -4.3318726913359787E-4, 0.0, 0.0, 0.0, 0.0, 7.239999771118164, 0.0, 0.0, 0.0, 0.0, 0.0, 0.0, 0.0, 0.0, 0.0, 0.0, 0.0, 0.0, 0.125, 0.125
28.977314999999997, OPEN_LOOP, 0.0, 0.0, 4.3318726913359787E-4, -4.3318726913359787E-4, 0.0, 0.0, 0.0, 0.0, 7.239999771118164, 0.0, 0.0, 0.0, 0.0, 0.0, 0.0, 0.0, 0.0, 0.0, 0.0, 0.0, 0.0, 0.125, 0.125
29.003265999999996, OPEN_LOOP, 0.0, 0.0, 4.3318726913359787E-4, -4.3318726913359787E-4, 0.0, 0.0, 0.0, 0.0, 7.239999771118164, 0.0, 0.0, 0.0, 0.0, 0.0, 0.0, 0.0, 0.0, 0.0, 0.0, 0.0, 0.0, 0.125, 0.125
29.037912, OPEN_LOOP, 0.0, 0.0, 4.3318726913359787E-4, -4.3318726913359787E-4, 0.0, 0.0, 0.0, 0.0, 7.230000019073486, 0.0, 0.0, 0.0, 0.0, 0.0, 0.0, 0.0, 0.0, 0.0, 0.0, 0.0, 0.0, 0.125, 0.125
29.076794999999997, OPEN_LOOP, 0.0, 0.0, 4.3318726913359787E-4, -4.3318726913359787E-4, 0.0, 0.0, 0.0, 0.0, 7.199999809265137, 0.0, 0.0, 0.0, 0.0, 0.0, 0.0, 0.0, 0.0, 0.0, 0.0, 0.0, 0.0, 0.125, 0.125
29.099916, OPEN_LOOP, 0.0, 0.0, 4.3318726913359787E-4, -4.3318726913359787E-4, 0.0, 0.0, 0.0, 0.0, 7.170000076293945, 0.0, 0.0, 0.0, 0.0, 0.0, 0.0, 0.0, 0.0, 0.0, 0.0, 0.0, 0.0, 0.125, 0.125
29.123035, OPEN_LOOP, 0.0, 0.0, 4.3318726913359787E-4, -4.3318726913359787E-4, 0.0, 0.0, 0.0, 0.0, 7.139999866485596, 0.0, 0.0, 0.0, 0.0, 0.0, 0.0, 0.0, 0.0, 0.0, 0.0, 0.0, 0.0, 0.125, 0.125
29.156413, OPEN_LOOP, 0.0, 0.0, 4.3318726913359787E-4, -4.3318726913359787E-4, 0.0, 0.0, 0.0, 0.0, 7.099999904632568, 0.0, 0.0, 0.0, 0.0, 0.0, 0.0, 0.0, 0.0, 0.0, 0.0, 0.0, 0.0, 0.125, 0.125
29.197739, OPEN_LOOP, 0.0, 0.0, 4.3318726913359787E-4, -4.3318726913359787E-4, 0.0, 0.0, 0.0, 0.0, 6.989999771118164, 0.0, 0.0, 0.0, 0.0, 0.0, 0.0, 0.0, 0.0, 0.0, 0.0, 0.0, 0.0, 0.125, 0.125
29.2207, OPEN_LOOP, 0.0, 0.0, 4.3318726913359787E-4, -4.3318726913359787E-4, 0.0, 0.0, 0.0, 0.0, 6.929999828338623, 0.0, 0.0, 0.0, 0.0, 0.0, 0.0, 0.0, 0.0, 0.0, 0.0, 0.0, 0.0, 0.125, 0.125
29.257117, OPEN_LOOP, 0.0, 0.0, 4.3318726913359787E-4, -4.3318726913359787E-4, 0.0, 0.0, 0.0, 0.0, 6.809999942779541, 0.0, 0.0, 0.0, 0.0, 0.0, 0.0, 0.0, 0.0, 0.0, 0.0, 0.0, 0.0, 0.125, 0.125
29.28118, OPEN_LOOP, 0.0, 0.0, 4.3318726913359787E-4, -4.3318726913359787E-4, 0.0, 0.0, 0.0, 0.0, 6.690000057220459, 0.0, 0.0, 0.0, 0.0, 0.0, 0.0, 0.0, 0.0, 0.0, 0.0, 0.0, 0.0, 0.125, 0.125
29.317799, OPEN_LOOP, 0.0, 0.0, 4.3318726913359787E-4, -4.3318726913359787E-4, 0.0, 0.0, 0.0, 0.0, 6.630000114440918, 0.0, 0.0, 0.0, 0.0, 0.0, 0.0, 0.0, 0.0, 0.0, 0.0, 0.0, 0.0, 0.125, 0.125
29.342107, OPEN_LOOP, 0.0, 0.0, 4.3318726913359787E-4, -4.3318726913359787E-4, 0.0, 0.0, 0.0, 0.0, 6.590000152587891, 0.0, 0.0, 0.0, 0.0, 0.0, 0.0, 0.0, 0.0, 0.0, 0.0, 0.0, 0.0, 0.125, 0.125
29.366391999999998, OPEN_LOOP, 0.0, 0.0, 4.3318726913359787E-4, -4.3318726913359787E-4, 0.0, 0.0, 0.0, 0.0, 6.570000171661377, 0.0, 0.0, 0.0, 0.0, 0.0, 0.0, 0.0, 0.0, 0.0, 0.0, 0.0, 0.0, 0.125, 0.125
29.398190999999997, OPEN_LOOP, 0.0, 0.0, 4.3318726913359787E-4, -4.3318726913359787E-4, 0.0, 0.0, 0.0, 0.0, 6.539999961853027, 0.0, 0.0, 0.0, 0.0, 0.0, 0.0, 0.0, 0.0, 0.0, 0.0, 0.0, 0.0, 0.125, 0.125
29.423144, OPEN_LOOP, 0.0, 0.0, 4.3318726913359787E-4, -4.3318726913359787E-4, 0.0, 0.0, 0.0, 0.0, 6.510000228881836, 0.0, 0.0, 0.0, 0.0, 0.0, 0.0, 0.0, 0.0, 0.0, 0.0, 0.0, 0.0, 0.125, 0.125
29.457433, OPEN_LOOP, 0.0, 0.0, 4.3318726913359787E-4, -4.3318726913359787E-4, 0.0, 0.0, 0.0, 0.0, 6.539999961853027, 0.0, 0.0, 0.0, 0.0, 0.0, 0.0, 0.0, 0.0, 0.0, 0.0, 0.0, 0.0, 0.125, 0.125
29.478696999999997, OPEN_LOOP, 0.0, 0.0, 4.3318726913359787E-4, -4.3318726913359787E-4, 0.0, 0.0, 0.0, 0.0, 6.550000190734863, 0.0, 0.0, 0.0, 0.0, 0.0, 0.0, 0.0, 0.0, 0.0, 0.0, 0.0, 0.0, 0.125, 0.125
29.5175, OPEN_LOOP, 0.0, 0.0, 4.3318726913359787E-4, -4.3318726913359787E-4, 0.0, 0.0, 0.0, 0.0, 6.570000171661377, 0.0, 0.0, 0.0, 0.0, 0.0, 0.0, 0.0, 0.0, 0.0, 0.0, 0.0, 0.0, 0.125, 0.125
29.54195, OPEN_LOOP, 0.0, 0.0, 4.3318726913359787E-4, -4.3318726913359787E-4, 0.0, 0.0, 0.0, 0.0, 6.570000171661377, 0.0, 0.0, 0.0, 0.0, 0.0, 0.0, 0.0, 0.0, 0.0, 0.0, 0.0, 0.0, 0.125, 0.125
29.577326999999997, OPEN_LOOP, 0.0, 0.0, 4.3318726913359787E-4, -4.3318726913359787E-4, 0.0, 0.0, 0.0, 0.0, 6.570000171661377, 0.0, 0.0, 0.0, 0.0, 0.0, 0.0, 0.0, 0.0, 0.0, 0.0, 0.0, 0.0, 0.125, 0.125
29.598008999999998, OPEN_LOOP, 0.0, 0.0, 4.3318726913359787E-4, -4.3318726913359787E-4, 0.0, 0.0, 0.0, 0.0, 6.570000171661377, 0.0, 0.0, 0.0, 0.0, 0.0, 0.0, 0.0, 0.0, 0.0, 0.0, 0.0, 0.0, 0.125, 0.125
29.621799000000003, OPEN_LOOP, 0.0, 0.0, 4.3318726913359787E-4, -4.3318726913359787E-4, 0.0, 0.0, 0.0, 0.0, 6.570000171661377, 0.0, 0.0, 0.0, 0.0, 0.0, 0.0, 0.0, 0.0, 0.0, 0.0, 0.0, 0.0, 0.125, 0.125
29.656912, OPEN_LOOP, 0.0, 0.0, 4.3318726913359787E-4, -4.3318726913359787E-4, 0.0, 0.0, 0.0, 0.0, 6.579999923706055, 0.0, 0.0, 0.0, 0.0, 0.0, 0.0, 0.0, 0.0, 0.0, 0.0, 0.0, 0.0, 0.125, 0.125
29.678523, OPEN_LOOP, 0.0, 0.0, 4.3318726913359787E-4, -4.3318726913359787E-4, 0.0, 0.0, 0.0, 0.0, 6.579999923706055, 0.0, 0.0, 0.0, 0.0, 0.0, 0.0, 0.0, 0.0, 0.0, 0.0, 0.0, 0.0, 0.125, 0.125
29.718417000000002, OPEN_LOOP, 0.0, 0.0, 4.3318726913359787E-4, -4.3318726913359787E-4, 0.0, 0.0, 0.0, 0.0, 6.570000171661377, 0.0, 0.0, 0.0, 0.0, 0.0, 0.0, 0.0, 0.0, 0.0, 0.0, 0.0, 0.0, 0.125, 0.125
29.742891, OPEN_LOOP, 0.0, 0.0, 4.3318726913359787E-4, -4.3318726913359787E-4, 0.0, 0.0, 0.0, 0.0, 6.570000171661377, 0.0, 0.0, 0.0, 0.0, 0.0, 0.0, 0.0, 0.0, 0.0, 0.0, 0.0, 0.0, 0.125, 0.125
29.778384000000003, OPEN_LOOP, 0.0, 0.0, 4.3318726913359787E-4, -4.3318726913359787E-4, 0.0, 0.0, 0.0, 0.0, 6.599999904632568, 0.0, 0.0, 0.0, 0.0, 0.0, 0.0, 0.0, 0.0, 0.0, 0.0, 0.0, 0.0, 0.125, 0.125
29.80261, OPEN_LOOP, 0.0, 0.0, 4.3318726913359787E-4, -4.3318726913359787E-4, 0.0, 0.0, 0.0, 0.0, 6.610000133514404, 0.0, 0.0, 0.0, 0.0, 0.0, 0.0, 0.0, 0.0, 0.0, 0.0, 0.0, 0.0, 0.125, 0.125
29.838397999999998, OPEN_LOOP, 0.0, 0.0, 4.3318726913359787E-4, -4.3318726913359787E-4, 0.0, 0.0, 0.0, 0.0, 6.610000133514404, 0.0, 0.0, 0.0, 0.0, 0.0, 0.0, 0.0, 0.0, 0.0, 0.0, 0.0, 0.0, 0.125, 0.125
29.86126, OPEN_LOOP, 0.0, 0.0, 4.3318726913359787E-4, -4.3318726913359787E-4, 0.0, 0.0, 0.0, 0.0, 6.610000133514404, 0.0, 0.0, 0.0, 0.0, 0.0, 0.0, 0.0, 0.0, 0.0, 0.0, 0.0, 0.0, 0.125, 0.125
29.897374999999997, OPEN_LOOP, 0.0, 0.0, 4.3318726913359787E-4, -4.3318726913359787E-4, 0.0, 0.0, 0.0, 0.0, 6.619999885559082, 0.0, 0.0, 0.0, 0.0, 0.0, 0.0, 0.0, 0.0, 0.0, 0.0, 0.0, 0.0, 0.125, 0.125
29.918374, OPEN_LOOP, 0.0, 0.0, 4.3318726913359787E-4, -4.3318726913359787E-4, 0.0, 0.0, 0.0, 0.0, 6.619999885559082, 0.0, 0.0, 0.0, 0.0, 0.0, 0.0, 0.0, 0.0, 0.0, 0.0, 0.0, 0.0, 0.125, 0.125
29.941207, OPEN_LOOP, 0.0, 0.0, 4.3318726913359787E-4, -4.3318726913359787E-4, 0.0, 0.0, 0.0, 0.0, 6.619999885559082, 0.0, 0.0, 0.0, 0.0, 0.0, 0.0, 0.0, 0.0, 0.0, 0.0, 0.0, 0.0, 0.125, 0.125
29.977142999999998, OPEN_LOOP, 0.0, 0.0, 4.3318726913359787E-4, -4.3318726913359787E-4, 0.0, 0.0, 0.0, 0.0, 6.619999885559082, 0.0, 0.0, 0.0, 0.0, 0.0, 0.0, 0.0, 0.0, 0.0, 0.0, 0.0, 0.0, 0.125, 0.125
30.001753, OPEN_LOOP, 0.0, 0.0, 4.3318726913359787E-4, -4.3318726913359787E-4, 0.0, 0.0, 0.0, 0.0, 6.619999885559082, 0.0, 0.0, 0.0, 0.0, 0.0, 0.0, 0.0, 0.0, 0.0, 0.0, 0.0, 0.0, 0.125, 0.125
30.037559, OPEN_LOOP, 0.0, 0.0, 4.3318726913359787E-4, -4.3318726913359787E-4, 0.0, 0.0, 0.0, 0.0, 6.619999885559082, 0.0, 0.0, 0.0, 0.0, 0.0, 0.0, 0.0, 0.0, 0.0, 0.0, 0.0, 0.0, 0.125, 0.125
30.060544, OPEN_LOOP, 0.0, 0.0, 4.3318726913359787E-4, -4.3318726913359787E-4, 0.0, 0.0, 0.0, 0.0, 6.610000133514404, 0.0, 0.0, 0.0, 0.0, 0.0, 0.0, 0.0, 0.0, 0.0, 0.0, 0.0, 0.0, 0.125, 0.125
30.099803, OPEN_LOOP, 0.0, 0.0, 4.3318726913359787E-4, -4.3318726913359787E-4, 0.0, 0.0, 0.0, 0.0, 6.619999885559082, 0.0, 0.0, 0.0, 0.0, 0.0, 0.0, 0.0, 0.0, 0.0, 0.0, 0.0, 0.0, 0.125, 0.125
30.13792, OPEN_LOOP, 0.0, 0.0, 4.3318726913359787E-4, -4.3318726913359787E-4, 0.0, 0.0, 0.0, 0.0, 6.639999866485596, 0.0, 0.0, 0.0, 0.0, 0.0, 0.0, 0.0, 0.0, 0.0, 0.0, 0.0, 0.0, 0.125, 0.125
30.160156999999998, OPEN_LOOP, 0.0, 0.0, 4.3318726913359787E-4, -4.3318726913359787E-4, 0.0, 0.0, 0.0, 0.0, 6.639999866485596, 0.0, 0.0, 0.0, 0.0, 0.0, 0.0, 0.0, 0.0, 0.0, 0.0, 0.0, 0.0, 0.125, 0.125
30.182952999999998, OPEN_LOOP, 0.0, 0.0, 4.3318726913359787E-4, -4.3318726913359787E-4, 0.0, 0.0, 0.0, 0.0, 6.639999866485596, 0.0, 0.0, 0.0, 0.0, 0.0, 0.0, 0.0, 0.0, 0.0, 0.0, 0.0, 0.0, 0.125, 0.125
30.21528, OPEN_LOOP, 0.0, 0.0, 4.3318726913359787E-4, -4.3318726913359787E-4, 0.0, 0.0, 0.0, 0.0, 6.619999885559082, 0.0, 0.0, 0.0, 0.0, 0.0, 0.0, 0.0, 0.0, 0.0, 0.0, 0.0, 0.0, 0.125, 0.125
30.23652, OPEN_LOOP, 0.0, 0.0, 4.3318726913359787E-4, -4.3318726913359787E-4, 0.0, 0.0, 0.0, 0.0, 6.610000133514404, 0.0, 0.0, 0.0, 0.0, 0.0, 0.0, 0.0, 0.0, 0.0, 0.0, 0.0, 0.0, 0.125, 0.125
30.257241, OPEN_LOOP, 0.0, 0.0, 4.3318726913359787E-4, -4.3318726913359787E-4, 0.0, 0.0, 0.0, 0.0, 6.599999904632568, 0.0, 0.0, 0.0, 0.0, 0.0, 0.0, 0.0, 0.0, 0.0, 0.0, 0.0, 0.0, 0.125, 0.125
30.277805, OPEN_LOOP, 0.0, 0.0, 4.3318726913359787E-4, -4.3318726913359787E-4, 0.0, 0.0, 0.0, 0.0, 6.599999904632568, 0.0, 0.0, 0.0, 0.0, 0.0, 0.0, 0.0, 0.0, 0.0, 0.0, 0.0, 0.0, 0.125, 0.125
30.298447000000003, OPEN_LOOP, 0.0, 0.0, 4.3318726913359787E-4, -4.3318726913359787E-4, 0.0, 0.0, 0.0, 0.0, 6.599999904632568, 0.0, 0.0, 0.0, 0.0, 0.0, 0.0, 0.0, 0.0, 0.0, 0.0, 0.0, 0.0, 0.125, 0.125
30.319209, OPEN_LOOP, 0.0, 0.0, 4.3318726913359787E-4, -4.3318726913359787E-4, 0.0, 0.0, 0.0, 0.0, 6.610000133514404, 0.0, 0.0, 0.0, 0.0, 0.0, 0.0, 0.0, 0.0, 0.0, 0.0, 0.0, 0.0, 0.125, 0.125
30.35702, OPEN_LOOP, 0.0, 0.0, 4.3318726913359787E-4, -4.3318726913359787E-4, 0.0, 0.0, 0.0, 0.0, 6.619999885559082, 0.0, 0.0, 0.0, 0.0, 0.0, 0.0, 0.0, 0.0, 0.0, 0.0, 0.0, 0.0, 0.125, 0.125
30.377570999999996, OPEN_LOOP, 0.0, 0.0, 4.3318726913359787E-4, -4.3318726913359787E-4, 0.0, 0.0, 0.0, 0.0, 6.619999885559082, 0.0, 0.0, 0.0, 0.0, 0.0, 0.0, 0.0, 0.0, 0.0, 0.0, 0.0, 0.0, 0.125, 0.125
30.400492, OPEN_LOOP, 0.0, 0.0, 4.3318726913359787E-4, -4.3318726913359787E-4, 0.0, 0.0, 0.0, 0.0, 6.610000133514404, 0.0, 0.0, 0.0, 0.0, 0.0, 0.0, 0.0, 0.0, 0.0, 0.0, 0.0, 0.0, 0.125, 0.125
30.437533000000002, OPEN_LOOP, 0.0, 0.0, 4.3318726913359787E-4, -4.3318726913359787E-4, 0.0, 0.0, 0.0, 0.0, 6.599999904632568, 0.0, 0.0, 0.0, 0.0, 0.0, 0.0, 0.0, 0.0, 0.0, 0.0, 0.0, 0.0, 0.125, 0.125
30.457607000000003, OPEN_LOOP, 0.0, 0.0, 4.3318726913359787E-4, -4.3318726913359787E-4, 0.0, 0.0, 0.0, 0.0, 6.599999904632568, 0.0, 0.0, 0.0, 0.0, 0.0, 0.0, 0.0, 0.0, 0.0, 0.0, 0.0, 0.0, 0.125, 0.125
30.478215999999996, OPEN_LOOP, 0.0, 0.0, 4.3318726913359787E-4, -4.3318726913359787E-4, 0.0, 0.0, 0.0, 0.0, 6.610000133514404, 0.0, 0.0, 0.0, 0.0, 0.0, 0.0, 0.0, 0.0, 0.0, 0.0, 0.0, 0.0, 0.125, 0.125
30.517535000000002, OPEN_LOOP, 0.0, 0.0, 4.3318726913359787E-4, -4.3318726913359787E-4, 0.0, 0.0, 0.0, 0.0, 6.610000133514404, 0.0, 0.0, 0.0, 0.0, 0.0, 0.0, 0.0, 0.0, 0.0, 0.0, 0.0, 0.0, 0.125, 0.125
30.538939999999997, OPEN_LOOP, 0.0, 0.0, 4.3318726913359787E-4, -4.3318726913359787E-4, 0.0, 0.0, 0.0, 0.0, 6.610000133514404, 0.0, 0.0, 0.0, 0.0, 0.0, 0.0, 0.0, 0.0, 0.0, 0.0, 0.0, 0.0, 0.125, 0.125
30.56107, OPEN_LOOP, 0.0, 0.0, 4.3318726913359787E-4, -4.3318726913359787E-4, 0.0, 0.0, 0.0, 0.0, 6.610000133514404, 0.0, 0.0, 0.0, 0.0, 0.0, 0.0, 0.0, 0.0, 0.0, 0.0, 0.0, 0.0, 0.125, 0.125
30.597610000000003, OPEN_LOOP, 0.0, 0.0, 4.3318726913359787E-4, -4.3318726913359787E-4, 0.0, 0.0, 0.0, 0.0, 6.599999904632568, 0.0, 0.0, 0.0, 0.0, 0.0, 0.0, 0.0, 0.0, 0.0, 0.0, 0.0, 0.0, 0.125, 0.125
30.617945, OPEN_LOOP, 0.0, 0.0, 4.3318726913359787E-4, -4.3318726913359787E-4, 0.0, 0.0, 0.0, 0.0, 6.610000133514404, 0.0, 0.0, 0.0, 0.0, 0.0, 0.0, 0.0, 0.0, 0.0, 0.0, 0.0, 0.0, 0.125, 0.125
30.638059, OPEN_LOOP, 0.0, 0.0, 4.3318726913359787E-4, -4.3318726913359787E-4, 0.0, 0.0, 0.0, 0.0, 6.619999885559082, 0.0, 0.0, 0.0, 0.0, 0.0, 0.0, 0.0, 0.0, 0.0, 0.0, 0.0, 0.0, 0.125, 0.125
30.676415999999996, OPEN_LOOP, 0.0, 0.0, 4.3318726913359787E-4, -4.3318726913359787E-4, 0.0, 0.0, 0.0, 0.0, 6.599999904632568, 0.0, 0.0, 0.0, 0.0, 0.0, 0.0, 0.0, 0.0, 0.0, 0.0, 0.0, 0.0, 0.125, 0.125
30.697983999999998, OPEN_LOOP, 0.0, 0.0, 4.3318726913359787E-4, -4.3318726913359787E-4, 0.0, 0.0, 0.0, 0.0, 6.599999904632568, 0.0, 0.0, 0.0, 0.0, 0.0, 0.0, 0.0, 0.0, 0.0, 0.0, 0.0, 0.0, 0.125, 0.125
30.738537, OPEN_LOOP, 0.0, 0.0, 4.3318726913359787E-4, -4.3318726913359787E-4, 0.0, 0.0, 0.0, 0.0, 6.619999885559082, 0.0, 0.0, 0.0, 0.0, 0.0, 0.0, 0.0, 0.0, 0.0, 0.0, 0.0, 0.0, 0.125, 0.125
30.777285, OPEN_LOOP, 0.0, 0.0, 4.3318726913359787E-4, -4.3318726913359787E-4, 0.0, 0.0, 0.0, 0.0, 6.610000133514404, 0.0, 0.0, 0.0, 0.0, 0.0, 0.0, 0.0, 0.0, 0.0, 0.0, 0.0, 0.0, 0.125, 0.125
30.801358999999998, OPEN_LOOP, 0.0, 0.0, 4.3318726913359787E-4, -4.3318726913359787E-4, 0.0, 0.0, 0.0, 0.0, 6.590000152587891, 0.0, 0.0, 0.0, 0.0, 0.0, 0.0, 0.0, 0.0, 0.0, 0.0, 0.0, 0.0, 0.125, 0.125
30.837730999999998, OPEN_LOOP, 0.0, 0.0, 4.3318726913359787E-4, -4.3318726913359787E-4, 0.0, 0.0, 0.0, 0.0, 6.53000020980835, 0.0, 0.0, 0.0, 0.0, 0.0, 0.0, 0.0, 0.0, 0.0, 0.0, 0.0, 0.0, 0.125, 0.125
30.862988, OPEN_LOOP, 0.0, 0.0, 4.3318726913359787E-4, -4.3318726913359787E-4, 0.0, 0.0, 0.0, 0.0, 6.519999980926514, 0.0, 0.0, 0.0, 0.0, 0.0, 0.0, 0.0, 0.0, 0.0, 0.0, 0.0, 0.0, 0.125, 0.125
30.897537999999997, OPEN_LOOP, 0.0, 0.0, 4.3318726913359787E-4, -4.3318726913359787E-4, 0.0, 0.0, 0.0, 0.0, 6.510000228881836, 0.0, 0.0, 0.0, 0.0, 0.0, 0.0, 0.0, 0.0, 0.0, 0.0, 0.0, 0.0, 0.125, 0.125
30.920053000000003, OPEN_LOOP, 0.0, 0.0, 4.3318726913359787E-4, -4.3318726913359787E-4, 0.0, 0.0, 0.0, 0.0, 6.510000228881836, 0.0, 0.0, 0.0, 0.0, 0.0, 0.0, 0.0, 0.0, 0.0, 0.0, 0.0, 0.0, 0.125, 0.125
30.956643, OPEN_LOOP, 0.0, 0.0, 4.3318726913359787E-4, -4.3318726913359787E-4, 0.0, 0.0, 0.0, 0.0, 6.510000228881836, 0.0, 0.0, 0.0, 0.0, 0.0, 0.0, 0.0, 0.0, 0.0, 0.0, 0.0, 0.0, 0.125, 0.125
30.977642000000003, OPEN_LOOP, 0.0, 0.0, 4.3318726913359787E-4, -4.3318726913359787E-4, 0.0, 0.0, 0.0, 0.0, 6.5, 0.0, 0.0, 0.0, 0.0, 0.0, 0.0, 0.0, 0.0, 0.0, 0.0, 0.0, 0.0, 0.125, 0.125
31.017452, OPEN_LOOP, 0.0, 0.0, 4.3318726913359787E-4, -4.3318726913359787E-4, 0.0, 0.0, 0.0, 0.0, 6.489999771118164, 0.0, 0.0, 0.0, 0.0, 0.0, 0.0, 0.0, 0.0, 0.0, 0.0, 0.0, 0.0, 0.125, 0.125
31.039873999999998, OPEN_LOOP, 0.0, 0.0, 4.3318726913359787E-4, -4.3318726913359787E-4, 0.0, 0.0, 0.0, 0.0, 6.480000019073486, 0.0, 0.0, 0.0, 0.0, 0.0, 0.0, 0.0, 0.0, 0.0, 0.0, 0.0, 0.0, 0.125, 0.125
31.077849, OPEN_LOOP, 0.0, 0.0, 4.3318726913359787E-4, -4.3318726913359787E-4, 0.0, 0.0, 0.0, 0.0, 6.460000038146973, 0.0, 0.0, 0.0, 0.0, 0.0, 0.0, 0.0, 0.0, 0.0, 0.0, 0.0, 0.0, 0.125, 0.125
31.116709, OPEN_LOOP, 0.0, 0.0, 4.3318726913359787E-4, -4.3318726913359787E-4, 0.0, 0.0, 0.0, 0.0, 6.460000038146973, 0.0, 0.0, 0.0, 0.0, 0.0, 0.0, 0.0, 0.0, 0.0, 0.0, 0.0, 0.0, 0.125, 0.125
31.139620999999998, OPEN_LOOP, 0.0, 0.0, 4.3318726913359787E-4, -4.3318726913359787E-4, 0.0, 0.0, 0.0, 0.0, 6.46999979019165, 0.0, 0.0, 0.0, 0.0, 0.0, 0.0, 0.0, 0.0, 0.0, 0.0, 0.0, 0.0, 0.125, 0.125
31.176692000000003, OPEN_LOOP, 0.0, 0.0, 4.3318726913359787E-4, -4.3318726913359787E-4, 0.0, 0.0, 0.0, 0.0, 6.480000019073486, 0.0, 0.0, 0.0, 0.0, 0.0, 0.0, 0.0, 0.0, 0.0, 0.0, 0.0, 0.0, 0.125, 0.125
31.198507, OPEN_LOOP, 0.0, 0.0, 4.3318726913359787E-4, -4.3318726913359787E-4, 0.0, 0.0, 0.0, 0.0, 6.489999771118164, 0.0, 0.0, 0.0, 0.0, 0.0, 0.0, 0.0, 0.0, 0.0, 0.0, 0.0, 0.0, 0.125, 0.125
31.237324, OPEN_LOOP, 0.0, 0.0, 4.3318726913359787E-4, -4.3318726913359787E-4, 0.0, 0.0, 0.0, 0.0, 6.519999980926514, 0.0, 0.0, 0.0, 0.0, 0.0, 0.0, 0.0, 0.0, 0.0, 0.0, 0.0, 0.0, 0.125, 0.125
31.261749000000002, OPEN_LOOP, 0.0, 0.0, 4.3318726913359787E-4, -4.3318726913359787E-4, 0.0, 0.0, 0.0, 0.0, 6.53000020980835, 0.0, 0.0, 0.0, 0.0, 0.0, 0.0, 0.0, 0.0, 0.0, 0.0, 0.0, 0.0, 0.125, 0.125
31.298901, OPEN_LOOP, 0.0, 0.0, 4.3318726913359787E-4, -4.3318726913359787E-4, 0.0, 0.0, 0.0, 0.0, 6.579999923706055, 0.0, 0.0, 0.0, 0.0, 0.0, 0.0, 0.0, 0.0, 0.0, 0.0, 0.0, 0.0, 0.125, 0.125
31.338236000000002, OPEN_LOOP, 0.0, 0.0, 4.3318726913359787E-4, -4.3318726913359787E-4, 0.0, 0.0, 0.0, 0.0, 6.610000133514404, 0.0, 0.0, 0.0, 0.0, 0.0, 0.0, 0.0, 0.0, 0.0, 0.0, 0.0, 0.0, 0.125, 0.125
31.361613, OPEN_LOOP, 0.0, 0.0, 4.3318726913359787E-4, -4.3318726913359787E-4, 0.0, 0.0, 0.0, 0.0, 6.619999885559082, 0.0, 0.0, 0.0, 0.0, 0.0, 0.0, 0.0, 0.0, 0.0, 0.0, 0.0, 0.0, 0.125, 0.125
31.398072, OPEN_LOOP, 0.0, 0.0, 4.3318726913359787E-4, -4.3318726913359787E-4, 0.0, 0.0, 0.0, 0.0, 6.650000095367432, 0.0, 0.0, 0.0, 0.0, 0.0, 0.0, 0.0, 0.0, 0.0, 0.0, 0.0, 0.0, 0.125, 0.125
31.422485, OPEN_LOOP, 0.0, 0.0, 4.3318726913359787E-4, -4.3318726913359787E-4, 0.0, 0.0, 0.0, 0.0, 6.670000076293945, 0.0, 0.0, 0.0, 0.0, 0.0, 0.0, 0.0, 0.0, 0.0, 0.0, 0.0, 0.0, 0.125, 0.125
31.458168999999998, OPEN_LOOP, 0.0, 0.0, 4.3318726913359787E-4, -4.3318726913359787E-4, 0.0, 0.0, 0.0, 0.0, 6.71999979019165, 0.0, 0.0, 0.0, 0.0, 0.0, 0.0, 0.0, 0.0, 0.0, 0.0, 0.0, 0.0, 0.125, 0.125
31.481568000000003, OPEN_LOOP, 0.0, 0.0, 4.3318726913359787E-4, -4.3318726913359787E-4, 0.0, 0.0, 0.0, 0.0, 6.739999771118164, 0.0, 0.0, 0.0, 0.0, 0.0, 0.0, 0.0, 0.0, 0.0, 0.0, 0.0, 0.0, 0.125, 0.125
31.518036000000002, OPEN_LOOP, 0.0, 0.0, 4.3318726913359787E-4, -4.3318726913359787E-4, 0.0, 0.0, 0.0, 0.0, 6.809999942779541, 0.0, 0.0, 0.0, 0.0, 0.0, 0.0, 0.0, 0.0, 0.0, 0.0, 0.0, 0.0, 0.125, 0.125
31.538552000000003, OPEN_LOOP, 0.0, 0.0, 4.3318726913359787E-4, -4.3318726913359787E-4, 0.0, 0.0, 0.0, 0.0, 6.829999923706055, 0.0, 0.0, 0.0, 0.0, 0.0, 0.0, 0.0, 0.0, 0.0, 0.0, 0.0, 0.0, 0.125, 0.125
31.576206, OPEN_LOOP, 0.0, 0.0, 4.3318726913359787E-4, -4.3318726913359787E-4, 0.0, 0.0, 0.0, 0.0, 6.869999885559082, 0.0, 0.0, 0.0, 0.0, 0.0, 0.0, 0.0, 0.0, 0.0, 0.0, 0.0, 0.0, 0.125, 0.125
31.597313, OPEN_LOOP, 0.0, 0.0, 4.3318726913359787E-4, -4.3318726913359787E-4, 0.0, 0.0, 0.0, 0.0, 6.929999828338623, 0.0, 0.0, 0.0, 0.0, 0.0, 0.0, 0.0, 0.0, 0.0, 0.0, 0.0, 0.0, 0.125, 0.125
31.616650999999997, OPEN_LOOP, 0.0, 0.0, 4.3318726913359787E-4, -4.3318726913359787E-4, 0.0, 0.0, 0.0, 0.0, 6.960000038146973, 0.0, 0.0, 0.0, 0.0, 0.0, 0.0, 0.0, 0.0, 0.0, 0.0, 0.0, 0.0, 0.125, 0.125
31.637245, OPEN_LOOP, 0.0, 0.0, 4.3318726913359787E-4, -4.3318726913359787E-4, 0.0, 0.0, 0.0, 0.0, 6.920000076293945, 0.0, 0.0, 0.0, 0.0, 0.0, 0.0, 0.0, 0.0, 0.0, 0.0, 0.0, 0.0, 0.125, 0.125
31.657109, OPEN_LOOP, 0.0, 0.0, 4.3318726913359787E-4, -4.3318726913359787E-4, 0.0, 0.0, 0.0, 0.0, 6.900000095367432, 0.0, 0.0, 0.0, 0.0, 0.0, 0.0, 0.0, 0.0, 0.0, 0.0, 0.0, 0.0, 0.125, 0.125
31.676826, OPEN_LOOP, 0.0, 0.0, 4.3318726913359787E-4, -4.3318726913359787E-4, 0.0, 0.0, 0.0, 0.0, 6.889999866485596, 0.0, 0.0, 0.0, 0.0, 0.0, 0.0, 0.0, 0.0, 0.0, 0.0, 0.0, 0.0, 0.125, 0.125
31.697968000000003, OPEN_LOOP, 0.0, 0.0, 4.3318726913359787E-4, -4.3318726913359787E-4, 0.0, 0.0, 0.0, 0.0, 6.889999866485596, 0.0, 0.0, 0.0, 0.0, 0.0, 0.0, 0.0, 0.0, 0.0, 0.0, 0.0, 0.0, 0.125, 0.125
31.718378, OPEN_LOOP, 0.0, 0.0, 4.3318726913359787E-4, -4.3318726913359787E-4, 0.0, 0.0, 0.0, 0.0, 6.900000095367432, 0.0, 0.0, 0.0, 0.0, 0.0, 0.0, 0.0, 0.0, 0.0, 0.0, 0.0, 0.0, 0.125, 0.125
31.741712, OPEN_LOOP, 0.0, 0.0, 4.3318726913359787E-4, -4.3318726913359787E-4, 0.0, 0.0, 0.0, 0.0, 6.960000038146973, 0.0, 0.0, 0.0, 0.0, 0.0, 0.0, 0.0, 0.0, 0.0, 0.0, 0.0, 0.0, 0.125, 0.125
31.77538, OPEN_LOOP, 0.0, 0.0, 4.3318726913359787E-4, -4.3318726913359787E-4, 0.0, 0.0, 0.0, 0.0, 7.050000190734863, 0.0, 0.0, 0.0, 0.0, 0.0, 0.0, 0.0, 0.0, 0.0, 0.0, 0.0, 0.0, 0.125, 0.125
31.798769999999998, OPEN_LOOP, 0.0, 0.0, 4.3318726913359787E-4, -4.3318726913359787E-4, 0.0, 0.0, 0.0, 0.0, 7.079999923706055, 0.0, 0.0, 0.0, 0.0, 0.0, 0.0, 0.0, 0.0, 0.0, 0.0, 0.0, 0.0, 0.125, 0.125
31.835807000000003, OPEN_LOOP, 0.0, 0.0, 4.3318726913359787E-4, -4.3318726913359787E-4, 0.0, 0.0, 0.0, 0.0, 7.099999904632568, 0.0, 0.0, 0.0, 0.0, 0.0, 0.0, 0.0, 0.0, 0.0, 0.0, 0.0, 0.0, 0.125, 0.125
31.856789999999997, OPEN_LOOP, 0.0, 0.0, 4.3318726913359787E-4, -4.3318726913359787E-4, 0.0, 0.0, 0.0, 0.0, 7.119999885559082, 0.0, 0.0, 0.0, 0.0, 0.0, 0.0, 0.0, 0.0, 0.0, 0.0, 0.0, 0.0, 0.125, 0.125
31.876458999999997, OPEN_LOOP, 0.0, 0.0, 4.3318726913359787E-4, -4.3318726913359787E-4, 0.0, 0.0, 0.0, 0.0, 7.110000133514404, 0.0, 0.0, 0.0, 0.0, 0.0, 0.0, 0.0, 0.0, 0.0, 0.0, 0.0, 0.0, 0.125, 0.125
31.897432000000002, OPEN_LOOP, 0.0, 0.0, 4.3318726913359787E-4, -4.3318726913359787E-4, 0.0, 0.0, 0.0, 0.0, 7.090000152587891, 0.0, 0.0, 0.0, 0.0, 0.0, 0.0, 0.0, 0.0, 0.0, 0.0, 0.0, 0.0, 0.125, 0.125
31.918760999999996, OPEN_LOOP, 0.0, 0.0, 4.3318726913359787E-4, -4.3318726913359787E-4, 0.0, 0.0, 0.0, 0.0, 7.059999942779541, 0.0, 0.0, 0.0, 0.0, 0.0, 0.0, 0.0, 0.0, 0.0, 0.0, 0.0, 0.0, 0.125, 0.125
31.94023, OPEN_LOOP, 0.0, 0.0, 4.3318726913359787E-4, -4.3318726913359787E-4, 0.0, 0.0, 0.0, 0.0, 7.059999942779541, 0.0, 0.0, 0.0, 0.0, 0.0, 0.0, 0.0, 0.0, 0.0, 0.0, 0.0, 0.0, 0.125, 0.125
31.977685, OPEN_LOOP, 0.0, 0.0, 4.3318726913359787E-4, -4.3318726913359787E-4, 0.0, 0.0, 0.0, 0.0, 7.050000190734863, 0.0, 0.0, 0.0, 0.0, 0.0, 0.0, 0.0, 0.0, 0.0, 0.0, 0.0, 0.0, 0.125, 0.125
32.000046, OPEN_LOOP, 0.0, 0.0, 4.3318726913359787E-4, -4.3318726913359787E-4, 0.0, 0.0, 0.0, 0.0, 7.03000020980835, 0.0, 0.0, 0.0, 0.0, 0.0, 0.0, 0.0, 0.0, 0.0, 0.0, 0.0, 0.0, 0.125, 0.125
32.037687, OPEN_LOOP, 0.0, 0.0, 4.3318726913359787E-4, -4.3318726913359787E-4, 0.0, 0.0, 0.0, 0.0, 7.0, 0.0, 0.0, 0.0, 0.0, 0.0, 0.0, 0.0, 0.0, 0.0, 0.0, 0.0, 0.0, 0.125, 0.125
32.05774, OPEN_LOOP, 0.0, 0.0, 4.3318726913359787E-4, -4.3318726913359787E-4, 0.0, 0.0, 0.0, 0.0, 7.0, 0.0, 0.0, 0.0, 0.0, 0.0, 0.0, 0.0, 0.0, 0.0, 0.0, 0.0, 0.0, 0.125, 0.125
32.078444, OPEN_LOOP, 0.0, 0.0, 4.3318726913359787E-4, -4.3318726913359787E-4, 0.0, 0.0, 0.0, 0.0, 7.0, 0.0, 0.0, 0.0, 0.0, 0.0, 0.0, 0.0, 0.0, 0.0, 0.0, 0.0, 0.0, 0.125, 0.125
32.098939, OPEN_LOOP, 0.0, 0.0, 4.3318726913359787E-4, -4.3318726913359787E-4, 0.0, 0.0, 0.0, 0.0, 7.0, 0.0, 0.0, 0.0, 0.0, 0.0, 0.0, 0.0, 0.0, 0.0, 0.0, 0.0, 0.0, 0.125, 0.125
32.136364, OPEN_LOOP, 0.0, 0.0, 4.3318726913359787E-4, -4.3318726913359787E-4, 0.0, 0.0, 0.0, 0.0, 7.010000228881836, 0.0, 0.0, 0.0, 0.0, 0.0, 0.0, 0.0, 0.0, 0.0, 0.0, 0.0, 0.0, 0.125, 0.125
32.156114, OPEN_LOOP, 0.0, 0.0, 4.3318726913359787E-4, -4.3318726913359787E-4, 0.0, 0.0, 0.0, 0.0, 7.019999980926514, 0.0, 0.0, 0.0, 0.0, 0.0, 0.0, 0.0, 0.0, 0.0, 0.0, 0.0, 0.0, 0.125, 0.125
32.176496, OPEN_LOOP, 0.0, 0.0, 4.3318726913359787E-4, -4.3318726913359787E-4, 0.0, 0.0, 0.0, 0.0, 7.019999980926514, 0.0, 0.0, 0.0, 0.0, 0.0, 0.0, 0.0, 0.0, 0.0, 0.0, 0.0, 0.0, 0.125, 0.125
32.19764, OPEN_LOOP, 0.0, 0.0, 4.3318726913359787E-4, -4.3318726913359787E-4, 0.0, 0.0, 0.0, 0.0, 7.019999980926514, 0.0, 0.0, 0.0, 0.0, 0.0, 0.0, 0.0, 0.0, 0.0, 0.0, 0.0, 0.0, 0.125, 0.125
32.217726, OPEN_LOOP, 0.0, 0.0, 4.3318726913359787E-4, -4.3318726913359787E-4, 0.0, 0.0, 0.0, 0.0, 7.010000228881836, 0.0, 0.0, 0.0, 0.0, 0.0, 0.0, 0.0, 0.0, 0.0, 0.0, 0.0, 0.0, 0.125, 0.125
32.237912, OPEN_LOOP, 0.0, 0.0, 4.3318726913359787E-4, -4.3318726913359787E-4, 0.0, 0.0, 0.0, 0.0, 7.010000228881836, 0.0, 0.0, 0.0, 0.0, 0.0, 0.0, 0.0, 0.0, 0.0, 0.0, 0.0, 0.0, 0.125, 0.125
32.260602, OPEN_LOOP, 0.0, 0.0, 4.3318726913359787E-4, -4.3318726913359787E-4, 0.0, 0.0, 0.0, 0.0, 7.019999980926514, 0.0, 0.0, 0.0, 0.0, 0.0, 0.0, 0.0, 0.0, 0.0, 0.0, 0.0, 0.0, 0.125, 0.125
32.29636, OPEN_LOOP, 0.0, 0.0, 4.3318726913359787E-4, -4.3318726913359787E-4, 0.0, 0.0, 0.0, 0.0, 7.019999980926514, 0.0, 0.0, 0.0, 0.0, 0.0, 0.0, 0.0, 0.0, 0.0, 0.0, 0.0, 0.0, 0.125, 0.125
32.317416, OPEN_LOOP, 0.0, 0.0, 4.3318726913359787E-4, -4.3318726913359787E-4, 0.0, 0.0, 0.0, 0.0, 7.019999980926514, 0.0, 0.0, 0.0, 0.0, 0.0, 0.0, 0.0, 0.0, 0.0, 0.0, 0.0, 0.0, 0.125, 0.125
32.34176, OPEN_LOOP, 0.0, 0.0, 4.3318726913359787E-4, -4.3318726913359787E-4, 0.0, 0.0, 0.0, 0.0, 7.03000020980835, 0.0, 0.0, 0.0, 0.0, 0.0, 0.0, 0.0, 0.0, 0.0, 0.0, 0.0, 0.0, 0.125, 0.125
32.376615, OPEN_LOOP, 0.0, 0.0, 4.3318726913359787E-4, -4.3318726913359787E-4, 0.0, 0.0, 0.0, 0.0, 7.03000020980835, 0.0, 0.0, 0.0, 0.0, 0.0, 0.0, 0.0, 0.0, 0.0, 0.0, 0.0, 0.0, 0.125, 0.125
32.396454, OPEN_LOOP, 0.0, 0.0, 4.3318726913359787E-4, -4.3318726913359787E-4, 0.0, 0.0, 0.0, 0.0, 7.03000020980835, 0.0, 0.0, 0.0, 0.0, 0.0, 0.0, 0.0, 0.0, 0.0, 0.0, 0.0, 0.0, 0.125, 0.125
32.415695, OPEN_LOOP, 0.0, 0.0, 4.3318726913359787E-4, -4.3318726913359787E-4, 0.0, 0.0, 0.0, 0.0, 7.019999980926514, 0.0, 0.0, 0.0, 0.0, 0.0, 0.0, 0.0, 0.0, 0.0, 0.0, 0.0, 0.0, 0.125, 0.125
32.43748, OPEN_LOOP, 0.0, 0.0, 4.3318726913359787E-4, -4.3318726913359787E-4, 0.0, 0.0, 0.0, 0.0, 7.03000020980835, 0.0, 0.0, 0.0, 0.0, 0.0, 0.0, 0.0, 0.0, 0.0, 0.0, 0.0, 0.0, 0.125, 0.125
32.458087, OPEN_LOOP, 0.0, 0.0, 4.3318726913359787E-4, -4.3318726913359787E-4, 0.0, 0.0, 0.0, 0.0, 7.03000020980835, 0.0, 0.0, 0.0, 0.0, 0.0, 0.0, 0.0, 0.0, 0.0, 0.0, 0.0, 0.0, 0.125, 0.125
32.479575, OPEN_LOOP, 0.0, 0.0, 4.3318726913359787E-4, -4.3318726913359787E-4, 0.0, 0.0, 0.0, 0.0, 7.019999980926514, 0.0, 0.0, 0.0, 0.0, 0.0, 0.0, 0.0, 0.0, 0.0, 0.0, 0.0, 0.0, 0.125, 0.125
32.516711, OPEN_LOOP, 0.0, 0.0, 4.3318726913359787E-4, -4.3318726913359787E-4, 0.0, 0.0, 0.0, 0.0, 7.019999980926514, 0.0, 0.0, 0.0, 0.0, 0.0, 0.0, 0.0, 0.0, 0.0, 0.0, 0.0, 0.0, 0.125, 0.125
32.537911, OPEN_LOOP, 0.0, 0.0, 4.3318726913359787E-4, -4.3318726913359787E-4, 0.0, 0.0, 0.0, 0.0, 7.019999980926514, 0.0, 0.0, 0.0, 0.0, 0.0, 0.0, 0.0, 0.0, 0.0, 0.0, 0.0, 0.0, 0.125, 0.125
32.558225, OPEN_LOOP, 0.0, 0.0, 4.3318726913359787E-4, -4.3318726913359787E-4, 0.0, 0.0, 0.0, 0.0, 7.019999980926514, 0.0, 0.0, 0.0, 0.0, 0.0, 0.0, 0.0, 0.0, 0.0, 0.0, 0.0, 0.0, 0.125, 0.125
32.581271, OPEN_LOOP, 0.0, 0.0, 4.3318726913359787E-4, -4.3318726913359787E-4, 0.0, 0.0, 0.0, 0.0, 7.019999980926514, 0.0, 0.0, 0.0, 0.0, 0.0, 0.0, 0.0, 0.0, 0.0, 0.0, 0.0, 0.0, 0.125, 0.125
32.616686, OPEN_LOOP, 0.0, 0.0, 4.3318726913359787E-4, -4.3318726913359787E-4, 0.0, 0.0, 0.0, 0.0, 7.019999980926514, 0.0, 0.0, 0.0, 0.0, 0.0, 0.0, 0.0, 0.0, 0.0, 0.0, 0.0, 0.0, 0.125, 0.125
32.637018, OPEN_LOOP, 0.0, 0.0, 4.3318726913359787E-4, -4.3318726913359787E-4, 0.0, 0.0, 0.0, 0.0, 7.019999980926514, 0.0, 0.0, 0.0, 0.0, 0.0, 0.0, 0.0, 0.0, 0.0, 0.0, 0.0, 0.0, 0.125, 0.125
32.657877, OPEN_LOOP, 0.0, 0.0, 4.3318726913359787E-4, -4.3318726913359787E-4, 0.0, 0.0, 0.0, 0.0, 7.019999980926514, 0.0, 0.0, 0.0, 0.0, 0.0, 0.0, 0.0, 0.0, 0.0, 0.0, 0.0, 0.0, 0.125, 0.125
32.678232, OPEN_LOOP, 0.0, 0.0, 4.3318726913359787E-4, -4.3318726913359787E-4, 0.0, 0.0, 0.0, 0.0, 7.019999980926514, 0.0, 0.0, 0.0, 0.0, 0.0, 0.0, 0.0, 0.0, 0.0, 0.0, 0.0, 0.0, 0.125, 0.125
32.698832, OPEN_LOOP, 0.0, 0.0, 4.3318726913359787E-4, -4.3318726913359787E-4, 0.0, 0.0, 0.0, 0.0, 7.03000020980835, 0.0, 0.0, 0.0, 0.0, 0.0, 0.0, 0.0, 0.0, 0.0, 0.0, 0.0, 0.0, 0.125, 0.125
32.719818, OPEN_LOOP, 0.0, 0.0, 4.3318726913359787E-4, -4.3318726913359787E-4, 0.0, 0.0, 0.0, 0.0, 7.03000020980835, 0.0, 0.0, 0.0, 0.0, 0.0, 0.0, 0.0, 0.0, 0.0, 0.0, 0.0, 0.0, 0.125, 0.125
32.741995, OPEN_LOOP, 0.0, 0.0, 4.3318726913359787E-4, -4.3318726913359787E-4, 0.0, 0.0, 0.0, 0.0, 7.03000020980835, 0.0, 0.0, 0.0, 0.0, 0.0, 0.0, 0.0, 0.0, 0.0, 0.0, 0.0, 0.0, 0.125, 0.125
32.776218, OPEN_LOOP, 0.0, 0.0, 4.3318726913359787E-4, -4.3318726913359787E-4, 0.0, 0.0, 0.0, 0.0, 7.03000020980835, 0.0, 0.0, 0.0, 0.0, 0.0, 0.0, 0.0, 0.0, 0.0, 0.0, 0.0, 0.0, 0.125, 0.125
32.796463, OPEN_LOOP, 0.0, 0.0, 4.3318726913359787E-4, -4.3318726913359787E-4, 0.0, 0.0, 0.0, 0.0, 7.03000020980835, 0.0, 0.0, 0.0, 0.0, 0.0, 0.0, 0.0, 0.0, 0.0, 0.0, 0.0, 0.0, 0.125, 0.125
32.818456, OPEN_LOOP, 0.0, 0.0, 4.3318726913359787E-4, -4.3318726913359787E-4, 0.0, 0.0, 0.0, 0.0, 7.039999961853027, 0.0, 0.0, 0.0, 0.0, 0.0, 0.0, 0.0, 0.0, 0.0, 0.0, 0.0, 0.0, 0.125, 0.125
32.839287, OPEN_LOOP, 0.0, 0.0, 4.3318726913359787E-4, -4.3318726913359787E-4, 0.0, 0.0, 0.0, 0.0, 7.039999961853027, 0.0, 0.0, 0.0, 0.0, 0.0, 0.0, 0.0, 0.0, 0.0, 0.0, 0.0, 0.0, 0.125, 0.125
32.860721, OPEN_LOOP, 0.0, 0.0, 4.3318726913359787E-4, -4.3318726913359787E-4, 0.0, 0.0, 0.0, 0.0, 7.039999961853027, 0.0, 0.0, 0.0, 0.0, 0.0, 0.0, 0.0, 0.0, 0.0, 0.0, 0.0, 0.0, 0.125, 0.125
32.881883, OPEN_LOOP, 0.0, 0.0, 4.3318726913359787E-4, -4.3318726913359787E-4, 0.0, 0.0, 0.0, 0.0, 7.039999961853027, 0.0, 0.0, 0.0, 0.0, 0.0, 0.0, 0.0, 0.0, 0.0, 0.0, 0.0, 0.0, 0.125, 0.125
32.917094999999996, OPEN_LOOP, 0.0, 0.0, 4.3318726913359787E-4, -4.3318726913359787E-4, 0.0, 0.0, 0.0, 0.0, 7.039999961853027, 0.0, 0.0, 0.0, 0.0, 0.0, 0.0, 0.0, 0.0, 0.0, 0.0, 0.0, 0.0, 0.125, 0.125
32.937345, OPEN_LOOP, 0.0, 0.0, 4.3318726913359787E-4, -4.3318726913359787E-4, 0.0, 0.0, 0.0, 0.0, 7.03000020980835, 0.0, 0.0, 0.0, 0.0, 0.0, 0.0, 0.0, 0.0, 0.0, 0.0, 0.0, 0.0, 0.125, 0.125
32.957665, OPEN_LOOP, 0.0, 0.0, 4.3318726913359787E-4, -4.3318726913359787E-4, 0.0, 0.0, 0.0, 0.0, 7.03000020980835, 0.0, 0.0, 0.0, 0.0, 0.0, 0.0, 0.0, 0.0, 0.0, 0.0, 0.0, 0.0, 0.125, 0.125
32.9784, OPEN_LOOP, 0.0, 0.0, 4.3318726913359787E-4, -4.3318726913359787E-4, 0.0, 0.0, 0.0, 0.0, 7.010000228881836, 0.0, 0.0, 0.0, 0.0, 0.0, 0.0, 0.0, 0.0, 0.0, 0.0, 0.0, 0.0, 0.125, 0.125
33.001659, OPEN_LOOP, 0.0, 0.0, 4.3318726913359787E-4, -4.3318726913359787E-4, 0.0, 0.0, 0.0, 0.0, 7.0, 0.0, 0.0, 0.0, 0.0, 0.0, 0.0, 0.0, 0.0, 0.0, 0.0, 0.0, 0.0, 0.125, 0.125
33.037363, OPEN_LOOP, 0.0, 0.0, 4.3318726913359787E-4, -4.3318726913359787E-4, 0.0, 0.0, 0.0, 0.0, 6.980000019073486, 0.0, 0.0, 0.0, 0.0, 0.0, 0.0, 0.0, 0.0, 0.0, 0.0, 0.0, 0.0, 0.125, 0.125
33.057591, OPEN_LOOP, 0.0, 0.0, 4.3318726913359787E-4, -4.3318726913359787E-4, 0.0, 0.0, 0.0, 0.0, 6.980000019073486, 0.0, 0.0, 0.0, 0.0, 0.0, 0.0, 0.0, 0.0, 0.0, 0.0, 0.0, 0.0, 0.125, 0.125
33.077931, OPEN_LOOP, 0.0, 0.0, 4.3318726913359787E-4, -4.3318726913359787E-4, 0.0, 0.0, 0.0, 0.0, 6.989999771118164, 0.0, 0.0, 0.0, 0.0, 0.0, 0.0, 0.0, 0.0, 0.0, 0.0, 0.0, 0.0, 0.125, 0.125
33.099932, OPEN_LOOP, 0.0, 0.0, 4.3318726913359787E-4, -4.3318726913359787E-4, 0.0, 0.0, 0.0, 0.0, 6.989999771118164, 0.0, 0.0, 0.0, 0.0, 0.0, 0.0, 0.0, 0.0, 0.0, 0.0, 0.0, 0.0, 0.125, 0.125
33.13704, OPEN_LOOP, 0.0, 0.0, 4.3318726913359787E-4, -4.3318726913359787E-4, 0.0, 0.0, 0.0, 0.0, 7.010000228881836, 0.0, 0.0, 0.0, 0.0, 0.0, 0.0, 0.0, 0.0, 0.0, 0.0, 0.0, 0.0, 0.125, 0.125
33.158328, OPEN_LOOP, 0.0, 0.0, 4.3318726913359787E-4, -4.3318726913359787E-4, 0.0, 0.0, 0.0, 0.0, 7.019999980926514, 0.0, 0.0, 0.0, 0.0, 0.0, 0.0, 0.0, 0.0, 0.0, 0.0, 0.0, 0.0, 0.125, 0.125
33.196574, OPEN_LOOP, 0.0, 0.0, 4.3318726913359787E-4, -4.3318726913359787E-4, 0.0, 0.0, 0.0, 0.0, 7.050000190734863, 0.0, 0.0, 0.0, 0.0, 0.0, 0.0, 0.0, 0.0, 0.0, 0.0, 0.0, 0.0, 0.125, 0.125
33.216813, OPEN_LOOP, 0.0, 0.0, 4.3318726913359787E-4, -4.3318726913359787E-4, 0.0, 0.0, 0.0, 0.0, 7.059999942779541, 0.0, 0.0, 0.0, 0.0, 0.0, 0.0, 0.0, 0.0, 0.0, 0.0, 0.0, 0.0, 0.125, 0.125
33.236465, OPEN_LOOP, 0.0, 0.0, 4.3318726913359787E-4, -4.3318726913359787E-4, 0.0, 0.0, 0.0, 0.0, 7.070000171661377, 0.0, 0.0, 0.0, 0.0, 0.0, 0.0, 0.0, 0.0, 0.0, 0.0, 0.0, 0.0, 0.125, 0.125
33.257459, OPEN_LOOP, 0.0, 0.0, 4.3318726913359787E-4, -4.3318726913359787E-4, 0.0, 0.0, 0.0, 0.0, 7.070000171661377, 0.0, 0.0, 0.0, 0.0, 0.0, 0.0, 0.0, 0.0, 0.0, 0.0, 0.0, 0.0, 0.125, 0.125
33.279529, OPEN_LOOP, 0.0, 0.0, 4.3318726913359787E-4, -4.3318726913359787E-4, 0.0, 0.0, 0.0, 0.0, 7.070000171661377, 0.0, 0.0, 0.0, 0.0, 0.0, 0.0, 0.0, 0.0, 0.0, 0.0, 0.0, 0.0, 0.125, 0.125
33.301545, OPEN_LOOP, 0.0, 0.0, 4.3318726913359787E-4, -4.3318726913359787E-4, 0.0, 0.0, 0.0, 0.0, 7.070000171661377, 0.0, 0.0, 0.0, 0.0, 0.0, 0.0, 0.0, 0.0, 0.0, 0.0, 0.0, 0.0, 0.125, 0.125
33.345952, OPEN_LOOP, 0.0, 0.0, 0.0, 0.0, 0.0, 0.0, 0.0, 0.0, 7.050000190734863, 0.0, 0.0, 0.0, 0.0, 0.0, 0.0, 0.0, 0.0, 0.0, 0.0, 0.0, 0.0, 0.125, 0.125
33.376001, OPEN_LOOP, 0.0, 0.0, 0.0, 0.0, 0.0, 0.0, 0.0, 0.0, 7.039999961853027, 0.0, 0.0, 0.0, 0.0, 0.0, 0.0, 0.0, 0.0, 0.0, 0.0, 0.0, 0.0, 0.125, 0.125
33.395671, OPEN_LOOP, 0.0, 0.0, 0.0, 0.0, 0.0, 0.0, 0.0, 0.0, 7.039999961853027, 0.0, 0.0, 0.0, 0.0, 0.0, 0.0, 0.0, 0.0, 0.0, 0.0, 0.0, 0.0, 0.125, 0.125
33.41596, OPEN_LOOP, 0.0, 0.0, 0.0, 0.0, 0.0, 0.0, 0.0, 0.0, 7.03000020980835, 0.0, 0.0, 0.0, 0.0, 0.0, 0.0, 0.0, 0.0, 0.0, 0.0, 0.0, 0.0, 0.125, 0.125
33.435382, OPEN_LOOP, 0.0, 0.0, 0.0, 0.0, 0.0, 0.0, 0.0, 0.0, 7.019999980926514, 0.0, 0.0, 0.0, 0.0, 0.0, 0.0, 0.0, 0.0, 0.0, 0.0, 0.0, 0.0, 0.125, 0.125
33.454589, OPEN_LOOP, 0.0, 0.0, 0.0, 0.0, 0.0, 0.0, 0.0, 0.0, 7.03000020980835, 0.0, 0.0, 0.0, 0.0, 0.0, 0.0, 0.0, 0.0, 0.0, 0.0, 0.0, 0.0, 0.125, 0.125
33.474804999999996, OPEN_LOOP, 0.0, 0.0, 0.0, 0.0, 0.0, 0.0, 0.0, 0.0, 7.03000020980835, 0.0, 0.0, 0.0, 0.0, 0.0, 0.0, 0.0, 0.0, 0.0, 0.0, 0.0, 0.0, 0.125, 0.125
33.495344, OPEN_LOOP, 0.0, 0.0, 0.0, 0.0, 0.0, 0.0, 0.0, 0.0, 7.03000020980835, 0.0, 0.0, 0.0, 0.0, 0.0, 0.0, 0.0, 0.0, 0.0, 0.0, 0.0, 0.0, 0.125, 0.125
33.515169, OPEN_LOOP, 0.0, 0.0, 0.0, 0.0, 0.0, 0.0, 0.0, 0.0, 7.039999961853027, 0.0, 0.0, 0.0, 0.0, 0.0, 0.0, 0.0, 0.0, 0.0, 0.0, 0.0, 0.0, 0.125, 0.125
33.535583, OPEN_LOOP, 0.0, 0.0, 0.0, 0.0, 0.0, 0.0, 0.0, 0.0, 7.039999961853027, 0.0, 0.0, 0.0, 0.0, 0.0, 0.0, 0.0, 0.0, 0.0, 0.0, 0.0, 0.0, 0.125, 0.125
33.555673, OPEN_LOOP, 0.0, 0.0, 0.0, 0.0, 0.0, 0.0, 0.0, 0.0, 7.039999961853027, 0.0, 0.0, 0.0, 0.0, 0.0, 0.0, 0.0, 0.0, 0.0, 0.0, 0.0, 0.0, 0.125, 0.125
33.575421999999996, OPEN_LOOP, 0.0, 0.0, 0.0, 0.0, 0.0, 0.0, 0.0, 0.0, 7.019999980926514, 0.0, 0.0, 0.0, 0.0, 0.0, 0.0, 0.0, 0.0, 0.0, 0.0, 0.0, 0.0, 0.125, 0.125
33.595047, OPEN_LOOP, 0.0, 0.0, 0.0, 0.0, 0.0, 0.0, 0.0, 0.0, 7.010000228881836, 0.0, 0.0, 0.0, 0.0, 0.0, 0.0, 0.0, 0.0, 0.0, 0.0, 0.0, 0.0, 0.125, 0.125
33.615701, OPEN_LOOP, 0.0, 0.0, 0.0, 0.0, 0.0, 0.0, 0.0, 0.0, 6.980000019073486, 0.0, 0.0, 0.0, 0.0, 0.0, 0.0, 0.0, 0.0, 0.0, 0.0, 0.0, 0.0, 0.125, 0.125
33.63544, OPEN_LOOP, 0.0, 0.0, 0.0, 0.0, 0.0, 0.0, 0.0, 0.0, 6.96999979019165, 0.0, 0.0, 0.0, 0.0, 0.0, 0.0, 0.0, 0.0, 0.0, 0.0, 0.0, 0.0, 0.125, 0.125
33.655818, OPEN_LOOP, 0.0, 0.0, 0.0, 0.0, 0.0, 0.0, 0.0, 0.0, 6.980000019073486, 0.0, 0.0, 0.0, 0.0, 0.0, 0.0, 0.0, 0.0, 0.0, 0.0, 0.0, 0.0, 0.125, 0.125
33.675482, OPEN_LOOP, 0.0, 0.0, 0.0, 0.0, 0.0, 0.0, 0.0, 0.0, 6.989999771118164, 0.0, 0.0, 0.0, 0.0, 0.0, 0.0, 0.0, 0.0, 0.0, 0.0, 0.0, 0.0, 0.125, 0.125
33.695301, OPEN_LOOP, 0.0, 0.0, 0.0, 0.0, 0.0, 0.0, 0.0, 0.0, 7.0, 0.0, 0.0, 0.0, 0.0, 0.0, 0.0, 0.0, 0.0, 0.0, 0.0, 0.0, 0.0, 0.125, 0.125
33.715345, OPEN_LOOP, 0.0, 0.0, 0.0, 0.0, 0.0, 0.0, 0.0, 0.0, 7.03000020980835, 0.0, 0.0, 0.0, 0.0, 0.0, 0.0, 0.0, 0.0, 0.0, 0.0, 0.0, 0.0, 0.125, 0.125
33.735428, OPEN_LOOP, 0.0, 0.0, 0.0, 0.0, 0.0, 0.0, 0.0, 0.0, 7.039999961853027, 0.0, 0.0, 0.0, 0.0, 0.0, 0.0, 0.0, 0.0, 0.0, 0.0, 0.0, 0.0, 0.125, 0.125
33.755262, OPEN_LOOP, 0.0, 0.0, 0.0, 0.0, 0.0, 0.0, 0.0, 0.0, 7.050000190734863, 0.0, 0.0, 0.0, 0.0, 0.0, 0.0, 0.0, 0.0, 0.0, 0.0, 0.0, 0.0, 0.125, 0.125
33.775973, OPEN_LOOP, 0.0, 0.0, 0.0, 0.0, 0.0, 0.0, 0.0, 0.0, 7.050000190734863, 0.0, 0.0, 0.0, 0.0, 0.0, 0.0, 0.0, 0.0, 0.0, 0.0, 0.0, 0.0, 0.125, 0.125
33.794926, OPEN_LOOP, 0.0, 0.0, 0.0, 0.0, 0.0, 0.0, 0.0, 0.0, 7.050000190734863, 0.0, 0.0, 0.0, 0.0, 0.0, 0.0, 0.0, 0.0, 0.0, 0.0, 0.0, 0.0, 0.125, 0.125
33.815131, OPEN_LOOP, 0.0, 0.0, 0.0, 0.0, 0.0, 0.0, 0.0, 0.0, 7.039999961853027, 0.0, 0.0, 0.0, 0.0, 0.0, 0.0, 0.0, 0.0, 0.0, 0.0, 0.0, 0.0, 0.125, 0.125
33.83524, OPEN_LOOP, 0.0, 0.0, 0.0, 0.0, 0.0, 0.0, 0.0, 0.0, 7.019999980926514, 0.0, 0.0, 0.0, 0.0, 0.0, 0.0, 0.0, 0.0, 0.0, 0.0, 0.0, 0.0, 0.125, 0.125
33.855713, OPEN_LOOP, 0.0, 0.0, 0.0, 0.0, 0.0, 0.0, 0.0, 0.0, 7.0, 0.0, 0.0, 0.0, 0.0, 0.0, 0.0, 0.0, 0.0, 0.0, 0.0, 0.0, 0.0, 0.125, 0.125
33.875348, OPEN_LOOP, 0.0, 0.0, 0.0, 0.0, 0.0, 0.0, 0.0, 0.0, 6.989999771118164, 0.0, 0.0, 0.0, 0.0, 0.0, 0.0, 0.0, 0.0, 0.0, 0.0, 0.0, 0.0, 0.125, 0.125
33.895549, OPEN_LOOP, 0.0, 0.0, 0.0, 0.0, 0.0, 0.0, 0.0, 0.0, 6.980000019073486, 0.0, 0.0, 0.0, 0.0, 0.0, 0.0, 0.0, 0.0, 0.0, 0.0, 0.0, 0.0, 0.125, 0.125
33.914825, OPEN_LOOP, 0.0, 0.0, 0.0, 0.0, 0.0, 0.0, 0.0, 0.0, 6.980000019073486, 0.0, 0.0, 0.0, 0.0, 0.0, 0.0, 0.0, 0.0, 0.0, 0.0, 0.0, 0.0, 0.125, 0.125
33.935313, OPEN_LOOP, 0.0, 0.0, 0.0, 0.0, 0.0, 0.0, 0.0, 0.0, 6.980000019073486, 0.0, 0.0, 0.0, 0.0, 0.0, 0.0, 0.0, 0.0, 0.0, 0.0, 0.0, 0.0, 0.125, 0.125
33.956174, OPEN_LOOP, 0.0, 0.0, 0.0, 0.0, 0.0, 0.0, 0.0, 0.0, 6.980000019073486, 0.0, 0.0, 0.0, 0.0, 0.0, 0.0, 0.0, 0.0, 0.0, 0.0, 0.0, 0.0, 0.125, 0.125
33.975241, OPEN_LOOP, 0.0, 0.0, 0.0, 0.0, 0.0, 0.0, 0.0, 0.0, 6.980000019073486, 0.0, 0.0, 0.0, 0.0, 0.0, 0.0, 0.0, 0.0, 0.0, 0.0, 0.0, 0.0, 0.125, 0.125
33.996362, OPEN_LOOP, 0.0, 0.0, 0.0, 0.0, 0.0, 0.0, 0.0, 0.0, 7.010000228881836, 0.0, 0.0, 0.0, 0.0, 0.0, 0.0, 0.0, 0.0, 0.0, 0.0, 0.0, 0.0, 0.125, 0.125
34.015385, OPEN_LOOP, 0.0, 0.0, 0.0, 0.0, 0.0, 0.0, 0.0, 0.0, 7.019999980926514, 0.0, 0.0, 0.0, 0.0, 0.0, 0.0, 0.0, 0.0, 0.0, 0.0, 0.0, 0.0, 0.125, 0.125
34.035356, OPEN_LOOP, 0.0, 0.0, 0.0, 0.0, 0.0, 0.0, 0.0, 0.0, 7.03000020980835, 0.0, 0.0, 0.0, 0.0, 0.0, 0.0, 0.0, 0.0, 0.0, 0.0, 0.0, 0.0, 0.125, 0.125
34.055272, OPEN_LOOP, 0.0, 0.0, 0.0, 0.0, 0.0, 0.0, 0.0, 0.0, 7.050000190734863, 0.0, 0.0, 0.0, 0.0, 0.0, 0.0, 0.0, 0.0, 0.0, 0.0, 0.0, 0.0, 0.125, 0.125
34.074574, OPEN_LOOP, 0.0, 0.0, 0.0, 0.0, 0.0, 0.0, 0.0, 0.0, 7.050000190734863, 0.0, 0.0, 0.0, 0.0, 0.0, 0.0, 0.0, 0.0, 0.0, 0.0, 0.0, 0.0, 0.125, 0.125
34.096254, OPEN_LOOP, 0.0, 0.0, 0.0, 0.0, 0.0, 0.0, 0.0, 0.0, 7.050000190734863, 0.0, 0.0, 0.0, 0.0, 0.0, 0.0, 0.0, 0.0, 0.0, 0.0, 0.0, 0.0, 0.125, 0.125
34.11579, OPEN_LOOP, 0.0, 0.0, 0.0, 0.0, 0.0, 0.0, 0.0, 0.0, 7.050000190734863, 0.0, 0.0, 0.0, 0.0, 0.0, 0.0, 0.0, 0.0, 0.0, 0.0, 0.0, 0.0, 0.125, 0.125
34.135077, OPEN_LOOP, 0.0, 0.0, 0.0, 0.0, 0.0, 0.0, 0.0, 0.0, 7.059999942779541, 0.0, 0.0, 0.0, 0.0, 0.0, 0.0, 0.0, 0.0, 0.0, 0.0, 0.0, 0.0, 0.125, 0.125
34.156125, OPEN_LOOP, 0.0, 0.0, 0.0, 0.0, 0.0, 0.0, 0.0, 0.0, 7.090000152587891, 0.0, 0.0, 0.0, 0.0, 0.0, 0.0, 0.0, 0.0, 0.0, 0.0, 0.0, 0.0, 0.125, 0.125
34.175421, OPEN_LOOP, 0.0, 0.0, 0.0, 0.0, 0.0, 0.0, 0.0, 0.0, 7.110000133514404, 0.0, 0.0, 0.0, 0.0, 0.0, 0.0, 0.0, 0.0, 0.0, 0.0, 0.0, 0.0, 0.125, 0.125
34.195403, OPEN_LOOP, 0.0, 0.0, 0.0, 0.0, 0.0, 0.0, 0.0, 0.0, 7.150000095367432, 0.0, 0.0, 0.0, 0.0, 0.0, 0.0, 0.0, 0.0, 0.0, 0.0, 0.0, 0.0, 0.125, 0.125
34.215525, OPEN_LOOP, 0.0, 0.0, 0.0, 0.0, 0.0, 0.0, 0.0, 0.0, 7.260000228881836, 0.0, 0.0, 0.0, 0.0, 0.0, 0.0, 0.0, 0.0, 0.0, 0.0, 0.0, 0.0, 0.125, 0.125
34.235673, OPEN_LOOP, 0.0, 0.0, 0.0, 0.0, 0.0, 0.0, 0.0, 0.0, 7.320000171661377, 0.0, 0.0, 0.0, 0.0, 0.0, 0.0, 0.0, 0.0, 0.0, 0.0, 0.0, 0.0, 0.125, 0.125
34.259672, OPEN_LOOP, 0.0, 0.0, 0.0, 0.0, 0.0, 0.0, 0.0, 0.0, 7.449999809265137, 0.0, 0.0, 0.0, 0.0, 0.0, 0.0, 0.0, 0.0, 0.0, 0.0, 0.0, 0.0, 0.125, 0.125
34.274519, OPEN_LOOP, 0.0, 0.0, 0.0, 0.0, 0.0, 0.0, 0.0, 0.0, 7.510000228881836, 0.0, 0.0, 0.0, 0.0, 0.0, 0.0, 0.0, 0.0, 0.0, 0.0, 0.0, 0.0, 0.125, 0.125
34.295804, OPEN_LOOP, 0.0, 0.0, 0.0, 0.0, 0.0, 0.0, 0.0, 0.0, 7.570000171661377, 0.0, 0.0, 0.0, 0.0, 0.0, 0.0, 0.0, 0.0, 0.0, 0.0, 0.0, 0.0, 0.125, 0.125
34.315164, OPEN_LOOP, 0.0, 0.0, 0.0, 0.0, 0.0, 0.0, 0.0, 0.0, 7.630000114440918, 0.0, 0.0, 0.0, 0.0, 0.0, 0.0, 0.0, 0.0, 0.0, 0.0, 0.0, 0.0, 0.125, 0.125
34.335919, OPEN_LOOP, 0.0, 0.0, 0.0, 0.0, 0.0, 0.0, 0.0, 0.0, 7.710000038146973, 0.0, 0.0, 0.0, 0.0, 0.0, 0.0, 0.0, 0.0, 0.0, 0.0, 0.0, 0.0, 0.125, 0.125
34.354582, OPEN_LOOP, 0.0, 0.0, 0.0, 0.0, 0.0, 0.0, 0.0, 0.0, 7.739999771118164, 0.0, 0.0, 0.0, 0.0, 0.0, 0.0, 0.0, 0.0, 0.0, 0.0, 0.0, 0.0, 0.125, 0.125
34.374883, OPEN_LOOP, 0.0, 0.0, 0.0, 0.0, 0.0, 0.0, 0.0, 0.0, 7.760000228881836, 0.0, 0.0, 0.0, 0.0, 0.0, 0.0, 0.0, 0.0, 0.0, 0.0, 0.0, 0.0, 0.125, 0.125
34.394899, OPEN_LOOP, 0.0, 0.0, 0.0, 0.0, 0.0, 0.0, 0.0, 0.0, 7.769999980926514, 0.0, 0.0, 0.0, 0.0, 0.0, 0.0, 0.0, 0.0, 0.0, 0.0, 0.0, 0.0, 0.125, 0.125
34.414725, OPEN_LOOP, 0.0, 0.0, 0.0, 0.0, 0.0, 0.0, 0.0, 0.0, 7.760000228881836, 0.0, 0.0, 0.0, 0.0, 0.0, 0.0, 0.0, 0.0, 0.0, 0.0, 0.0, 0.0, 0.125, 0.125
34.435537, OPEN_LOOP, 0.0, 0.0, 0.0, 0.0, 0.0, 0.0, 0.0, 0.0, 7.739999771118164, 0.0, 0.0, 0.0, 0.0, 0.0, 0.0, 0.0, 0.0, 0.0, 0.0, 0.0, 0.0, 0.125, 0.125
34.455324, OPEN_LOOP, 0.0, 0.0, 0.0, 0.0, 0.0, 0.0, 0.0, 0.0, 7.730000019073486, 0.0, 0.0, 0.0, 0.0, 0.0, 0.0, 0.0, 0.0, 0.0, 0.0, 0.0, 0.0, 0.125, 0.125
34.475201, OPEN_LOOP, 0.0, 0.0, 0.0, 0.0, 0.0, 0.0, 0.0, 0.0, 7.71999979019165, 0.0, 0.0, 0.0, 0.0, 0.0, 0.0, 0.0, 0.0, 0.0, 0.0, 0.0, 0.0, 0.125, 0.125
34.49606, OPEN_LOOP, 0.0, 0.0, 0.0, 0.0, 0.0, 0.0, 0.0, 0.0, 7.71999979019165, 0.0, 0.0, 0.0, 0.0, 0.0, 0.0, 0.0, 0.0, 0.0, 0.0, 0.0, 0.0, 0.125, 0.125
34.515552, OPEN_LOOP, 0.0, 0.0, 0.0, 0.0, 0.0, 0.0, 0.0, 0.0, 7.71999979019165, 0.0, 0.0, 0.0, 0.0, 0.0, 0.0, 0.0, 0.0, 0.0, 0.0, 0.0, 0.0, 0.125, 0.125
34.535825, OPEN_LOOP, 0.0, 0.0, 0.0, 0.0, 0.0, 0.0, 0.0, 0.0, 7.71999979019165, 0.0, 0.0, 0.0, 0.0, 0.0, 0.0, 0.0, 0.0, 0.0, 0.0, 0.0, 0.0, 0.125, 0.125
34.554549, OPEN_LOOP, 0.0, 0.0, 0.0, 0.0, 0.0, 0.0, 0.0, 0.0, 7.730000019073486, 0.0, 0.0, 0.0, 0.0, 0.0, 0.0, 0.0, 0.0, 0.0, 0.0, 0.0, 0.0, 0.125, 0.125
34.575001, OPEN_LOOP, 0.0, 0.0, 0.0, 0.0, 0.0, 0.0, 0.0, 0.0, 7.739999771118164, 0.0, 0.0, 0.0, 0.0, 0.0, 0.0, 0.0, 0.0, 0.0, 0.0, 0.0, 0.0, 0.125, 0.125
34.594766, OPEN_LOOP, 0.0, 0.0, 0.0, 0.0, 0.0, 0.0, 0.0, 0.0, 7.739999771118164, 0.0, 0.0, 0.0, 0.0, 0.0, 0.0, 0.0, 0.0, 0.0, 0.0, 0.0, 0.0, 0.125, 0.125
34.615536999999996, OPEN_LOOP, 0.0, 0.0, 0.0, 0.0, 0.0, 0.0, 0.0, 0.0, 7.730000019073486, 0.0, 0.0, 0.0, 0.0, 0.0, 0.0, 0.0, 0.0, 0.0, 0.0, 0.0, 0.0, 0.125, 0.125
34.635237, OPEN_LOOP, 0.0, 0.0, 0.0, 0.0, 0.0, 0.0, 0.0, 0.0, 7.730000019073486, 0.0, 0.0, 0.0, 0.0, 0.0, 0.0, 0.0, 0.0, 0.0, 0.0, 0.0, 0.0, 0.125, 0.125
34.655294, OPEN_LOOP, 0.0, 0.0, 0.0, 0.0, 0.0, 0.0, 0.0, 0.0, 7.71999979019165, 0.0, 0.0, 0.0, 0.0, 0.0, 0.0, 0.0, 0.0, 0.0, 0.0, 0.0, 0.0, 0.125, 0.125
34.675621, OPEN_LOOP, 0.0, 0.0, 0.0, 0.0, 0.0, 0.0, 0.0, 0.0, 7.710000038146973, 0.0, 0.0, 0.0, 0.0, 0.0, 0.0, 0.0, 0.0, 0.0, 0.0, 0.0, 0.0, 0.125, 0.125
34.696009, OPEN_LOOP, 0.0, 0.0, 0.0, 0.0, 0.0, 0.0, 0.0, 0.0, 7.710000038146973, 0.0, 0.0, 0.0, 0.0, 0.0, 0.0, 0.0, 0.0, 0.0, 0.0, 0.0, 0.0, 0.125, 0.125
34.716131, OPEN_LOOP, 0.0, 0.0, 0.0, 0.0, 0.0, 0.0, 0.0, 0.0, 7.710000038146973, 0.0, 0.0, 0.0, 0.0, 0.0, 0.0, 0.0, 0.0, 0.0, 0.0, 0.0, 0.0, 0.125, 0.125
34.735867999999996, OPEN_LOOP, 0.0, 0.0, 0.0, 0.0, 0.0, 0.0, 0.0, 0.0, 7.710000038146973, 0.0, 0.0, 0.0, 0.0, 0.0, 0.0, 0.0, 0.0, 0.0, 0.0, 0.0, 0.0, 0.125, 0.125
34.756136, OPEN_LOOP, 0.0, 0.0, 0.0, 0.0, 0.0, 0.0, 0.0, 0.0, 7.710000038146973, 0.0, 0.0, 0.0, 0.0, 0.0, 0.0, 0.0, 0.0, 0.0, 0.0, 0.0, 0.0, 0.125, 0.125
34.775726, OPEN_LOOP, 0.0, 0.0, 0.0, 0.0, 0.0, 0.0, 0.0, 0.0, 7.71999979019165, 0.0, 0.0, 0.0, 0.0, 0.0, 0.0, 0.0, 0.0, 0.0, 0.0, 0.0, 0.0, 0.125, 0.125
34.795362, OPEN_LOOP, 0.0, 0.0, 0.0, 0.0, 0.0, 0.0, 0.0, 0.0, 7.71999979019165, 0.0, 0.0, 0.0, 0.0, 0.0, 0.0, 0.0, 0.0, 0.0, 0.0, 0.0, 0.0, 0.125, 0.125
34.815227, OPEN_LOOP, 0.0, 0.0, 0.0, 0.0, 0.0, 0.0, 0.0, 0.0, 7.71999979019165, 0.0, 0.0, 0.0, 0.0, 0.0, 0.0, 0.0, 0.0, 0.0, 0.0, 0.0, 0.0, 0.125, 0.125
34.835834, OPEN_LOOP, 0.0, 0.0, 0.0, 0.0, 0.0, 0.0, 0.0, 0.0, 7.71999979019165, 0.0, 0.0, 0.0, 0.0, 0.0, 0.0, 0.0, 0.0, 0.0, 0.0, 0.0, 0.0, 0.125, 0.125
34.854642, OPEN_LOOP, 0.0, 0.0, 0.0, 0.0, 0.0, 0.0, 0.0, 0.0, 7.71999979019165, 0.0, 0.0, 0.0, 0.0, 0.0, 0.0, 0.0, 0.0, 0.0, 0.0, 0.0, 0.0, 0.125, 0.125
34.874483, OPEN_LOOP, 0.0, 0.0, 0.0, 0.0, 0.0, 0.0, 0.0, 0.0, 7.71999979019165, 0.0, 0.0, 0.0, 0.0, 0.0, 0.0, 0.0, 0.0, 0.0, 0.0, 0.0, 0.0, 0.125, 0.125
34.895308, OPEN_LOOP, 0.0, 0.0, 0.0, 0.0, 0.0, 0.0, 0.0, 0.0, 7.71999979019165, 0.0, 0.0, 0.0, 0.0, 0.0, 0.0, 0.0, 0.0, 0.0, 0.0, 0.0, 0.0, 0.125, 0.125
34.915115, OPEN_LOOP, 0.0, 0.0, 0.0, 0.0, 0.0, 0.0, 0.0, 0.0, 7.71999979019165, 0.0, 0.0, 0.0, 0.0, 0.0, 0.0, 0.0, 0.0, 0.0, 0.0, 0.0, 0.0, 0.125, 0.125
34.935148, OPEN_LOOP, 0.0, 0.0, 0.0, 0.0, 0.0, 0.0, 0.0, 0.0, 7.710000038146973, 0.0, 0.0, 0.0, 0.0, 0.0, 0.0, 0.0, 0.0, 0.0, 0.0, 0.0, 0.0, 0.125, 0.125
34.955779, OPEN_LOOP, 0.0, 0.0, 0.0, 0.0, 0.0, 0.0, 0.0, 0.0, 7.710000038146973, 0.0, 0.0, 0.0, 0.0, 0.0, 0.0, 0.0, 0.0, 0.0, 0.0, 0.0, 0.0, 0.125, 0.125
34.978492, OPEN_LOOP, 0.0, 0.0, 0.0, 0.0, 0.0, 0.0, 0.0, 0.0, 7.699999809265137, 0.0, 0.0, 0.0, 0.0, 0.0, 0.0, 0.0, 0.0, 0.0, 0.0, 0.0, 0.0, 0.125, 0.125
34.997802, OPEN_LOOP, 0.0, 0.0, 0.0, 0.0, 0.0, 0.0, 0.0, 0.0, 7.690000057220459, 0.0, 0.0, 0.0, 0.0, 0.0, 0.0, 0.0, 0.0, 0.0, 0.0, 0.0, 0.0, 0.125, 0.125
35.015761, OPEN_LOOP, 0.0, 0.0, 0.0, 0.0, 0.0, 0.0, 0.0, 0.0, 7.690000057220459, 0.0, 0.0, 0.0, 0.0, 0.0, 0.0, 0.0, 0.0, 0.0, 0.0, 0.0, 0.0, 0.125, 0.125
35.035708, OPEN_LOOP, 0.0, 0.0, 0.0, 0.0, 0.0, 0.0, 0.0, 0.0, 7.690000057220459, 0.0, 0.0, 0.0, 0.0, 0.0, 0.0, 0.0, 0.0, 0.0, 0.0, 0.0, 0.0, 0.125, 0.125
35.055273, OPEN_LOOP, 0.0, 0.0, 0.0, 0.0, 0.0, 0.0, 0.0, 0.0, 7.679999828338623, 0.0, 0.0, 0.0, 0.0, 0.0, 0.0, 0.0, 0.0, 0.0, 0.0, 0.0, 0.0, 0.125, 0.125
35.074903, OPEN_LOOP, 0.0, 0.0, 0.0, 0.0, 0.0, 0.0, 0.0, 0.0, 7.679999828338623, 0.0, 0.0, 0.0, 0.0, 0.0, 0.0, 0.0, 0.0, 0.0, 0.0, 0.0, 0.0, 0.125, 0.125
35.095793, OPEN_LOOP, 0.0, 0.0, 0.0, 0.0, 0.0, 0.0, 0.0, 0.0, 7.679999828338623, 0.0, 0.0, 0.0, 0.0, 0.0, 0.0, 0.0, 0.0, 0.0, 0.0, 0.0, 0.0, 0.125, 0.125
35.121335, OPEN_LOOP, 0.0, 0.0, 0.0, 0.0, 0.0, 0.0, 0.0, 0.0, 7.670000076293945, 0.0, 0.0, 0.0, 0.0, 0.0, 0.0, 0.0, 0.0, 0.0, 0.0, 0.0, 0.0, 0.125, 0.125
35.137244, OPEN_LOOP, 0.0, 0.0, 0.0, 0.0, 0.0, 0.0, 0.0, 0.0, 7.659999847412109, 0.0, 0.0, 0.0, 0.0, 0.0, 0.0, 0.0, 0.0, 0.0, 0.0, 0.0, 0.0, 0.125, 0.125
35.155819, OPEN_LOOP, 0.0, 0.0, 0.0, 0.0, 0.0, 0.0, 0.0, 0.0, 7.650000095367432, 0.0, 0.0, 0.0, 0.0, 0.0, 0.0, 0.0, 0.0, 0.0, 0.0, 0.0, 0.0, 0.125, 0.125
35.175644, OPEN_LOOP, 0.0, 0.0, 0.0, 0.0, 0.0, 0.0, 0.0, 0.0, 7.639999866485596, 0.0, 0.0, 0.0, 0.0, 0.0, 0.0, 0.0, 0.0, 0.0, 0.0, 0.0, 0.0, 0.125, 0.125
35.195526, OPEN_LOOP, 0.0, 0.0, 0.0, 0.0, 0.0, 0.0, 0.0, 0.0, 7.639999866485596, 0.0, 0.0, 0.0, 0.0, 0.0, 0.0, 0.0, 0.0, 0.0, 0.0, 0.0, 0.0, 0.125, 0.125
35.214151, OPEN_LOOP, 0.0, 0.0, 0.0, 0.0, 0.0, 0.0, 0.0, 0.0, 7.630000114440918, 0.0, 0.0, 0.0, 0.0, 0.0, 0.0, 0.0, 0.0, 0.0, 0.0, 0.0, 0.0, 0.125, 0.125
35.234585, OPEN_LOOP, 0.0, 0.0, 0.0, 0.0, 0.0, 0.0, 0.0, 0.0, 7.630000114440918, 0.0, 0.0, 0.0, 0.0, 0.0, 0.0, 0.0, 0.0, 0.0, 0.0, 0.0, 0.0, 0.125, 0.125
35.254416, OPEN_LOOP, 0.0, 0.0, 0.0, 0.0, 0.0, 0.0, 0.0, 0.0, 7.630000114440918, 0.0, 0.0, 0.0, 0.0, 0.0, 0.0, 0.0, 0.0, 0.0, 0.0, 0.0, 0.0, 0.125, 0.125
35.275369, OPEN_LOOP, 0.0, 0.0, 0.0, 0.0, 0.0, 0.0, 0.0, 0.0, 7.639999866485596, 0.0, 0.0, 0.0, 0.0, 0.0, 0.0, 0.0, 0.0, 0.0, 0.0, 0.0, 0.0, 0.125, 0.125
35.295375, OPEN_LOOP, 0.0, 0.0, 0.0, 0.0, 0.0, 0.0, 0.0, 0.0, 7.639999866485596, 0.0, 0.0, 0.0, 0.0, 0.0, 0.0, 0.0, 0.0, 0.0, 0.0, 0.0, 0.0, 0.125, 0.125
35.315257, OPEN_LOOP, 0.0, 0.0, 0.0, 0.0, 0.0, 0.0, 0.0, 0.0, 7.630000114440918, 0.0, 0.0, 0.0, 0.0, 0.0, 0.0, 0.0, 0.0, 0.0, 0.0, 0.0, 0.0, 0.125, 0.125
35.336053, OPEN_LOOP, 0.0, 0.0, 0.0, 0.0, 0.0, 0.0, 0.0, 0.0, 7.639999866485596, 0.0, 0.0, 0.0, 0.0, 0.0, 0.0, 0.0, 0.0, 0.0, 0.0, 0.0, 0.0, 0.125, 0.125
35.354793, OPEN_LOOP, 0.0, 0.0, 0.0, 0.0, 0.0, 0.0, 0.0, 0.0, 7.630000114440918, 0.0, 0.0, 0.0, 0.0, 0.0, 0.0, 0.0, 0.0, 0.0, 0.0, 0.0, 0.0, 0.125, 0.125
35.375034, OPEN_LOOP, 0.0, 0.0, 0.0, 0.0, 0.0, 0.0, 0.0, 0.0, 7.639999866485596, 0.0, 0.0, 0.0, 0.0, 0.0, 0.0, 0.0, 0.0, 0.0, 0.0, 0.0, 0.0, 0.125, 0.125
35.395718, OPEN_LOOP, 0.0, 0.0, 0.0, 0.0, 0.0, 0.0, 0.0, 0.0, 7.639999866485596, 0.0, 0.0, 0.0, 0.0, 0.0, 0.0, 0.0, 0.0, 0.0, 0.0, 0.0, 0.0, 0.125, 0.125
35.41552, OPEN_LOOP, 0.0, 0.0, 0.0, 0.0, 0.0, 0.0, 0.0, 0.0, 7.639999866485596, 0.0, 0.0, 0.0, 0.0, 0.0, 0.0, 0.0, 0.0, 0.0, 0.0, 0.0, 0.0, 0.125, 0.125
35.4355, OPEN_LOOP, 0.0, 0.0, 0.0, 0.0, 0.0, 0.0, 0.0, 0.0, 7.639999866485596, 0.0, 0.0, 0.0, 0.0, 0.0, 0.0, 0.0, 0.0, 0.0, 0.0, 0.0, 0.0, 0.125, 0.125
35.455999, OPEN_LOOP, 0.0, 0.0, 0.0, 0.0, 0.0, 0.0, 0.0, 0.0, 7.650000095367432, 0.0, 0.0, 0.0, 0.0, 0.0, 0.0, 0.0, 0.0, 0.0, 0.0, 0.0, 0.0, 0.125, 0.125
35.476068, OPEN_LOOP, 0.0, 0.0, 0.0, 0.0, 0.0, 0.0, 0.0, 0.0, 7.650000095367432, 0.0, 0.0, 0.0, 0.0, 0.0, 0.0, 0.0, 0.0, 0.0, 0.0, 0.0, 0.0, 0.125, 0.125
35.496414, OPEN_LOOP, 0.0, 0.0, 0.0, 0.0, 0.0, 0.0, 0.0, 0.0, 7.639999866485596, 0.0, 0.0, 0.0, 0.0, 0.0, 0.0, 0.0, 0.0, 0.0, 0.0, 0.0, 0.0, 0.125, 0.125
35.516179, OPEN_LOOP, 0.0, 0.0, 0.0, 0.0, 0.0, 0.0, 0.0, 0.0, 7.650000095367432, 0.0, 0.0, 0.0, 0.0, 0.0, 0.0, 0.0, 0.0, 0.0, 0.0, 0.0, 0.0, 0.125, 0.125
35.534647, OPEN_LOOP, 0.0, 0.0, 0.0, 0.0, 0.0, 0.0, 0.0, 0.0, 7.650000095367432, 0.0, 0.0, 0.0, 0.0, 0.0, 0.0, 0.0, 0.0, 0.0, 0.0, 0.0, 0.0, 0.125, 0.125
35.554842, OPEN_LOOP, 0.0, 0.0, 0.0, 0.0, 0.0, 0.0, 0.0, 0.0, 7.639999866485596, 0.0, 0.0, 0.0, 0.0, 0.0, 0.0, 0.0, 0.0, 0.0, 0.0, 0.0, 0.0, 0.125, 0.125
35.574374, OPEN_LOOP, 0.0, 0.0, 0.0, 0.0, 0.0, 0.0, 0.0, 0.0, 7.639999866485596, 0.0, 0.0, 0.0, 0.0, 0.0, 0.0, 0.0, 0.0, 0.0, 0.0, 0.0, 0.0, 0.125, 0.125
35.594902, OPEN_LOOP, 0.0, 0.0, 0.0, 0.0, 0.0, 0.0, 0.0, 0.0, 7.639999866485596, 0.0, 0.0, 0.0, 0.0, 0.0, 0.0, 0.0, 0.0, 0.0, 0.0, 0.0, 0.0, 0.125, 0.125
35.61482, OPEN_LOOP, 0.0, 0.0, 0.0, 0.0, 0.0, 0.0, 0.0, 0.0, 7.630000114440918, 0.0, 0.0, 0.0, 0.0, 0.0, 0.0, 0.0, 0.0, 0.0, 0.0, 0.0, 0.0, 0.125, 0.125
35.634543, OPEN_LOOP, 0.0, 0.0, 0.0, 0.0, 0.0, 0.0, 0.0, 0.0, 7.619999885559082, 0.0, 0.0, 0.0, 0.0, 0.0, 0.0, 0.0, 0.0, 0.0, 0.0, 0.0, 0.0, 0.125, 0.125
35.655761, OPEN_LOOP, 0.0, 0.0, 0.0, 0.0, 0.0, 0.0, 0.0, 0.0, 7.619999885559082, 0.0, 0.0, 0.0, 0.0, 0.0, 0.0, 0.0, 0.0, 0.0, 0.0, 0.0, 0.0, 0.125, 0.125
35.67521, OPEN_LOOP, 0.0, 0.0, 0.0, 0.0, 0.0, 0.0, 0.0, 0.0, 7.599999904632568, 0.0, 0.0, 0.0, 0.0, 0.0, 0.0, 0.0, 0.0, 0.0, 0.0, 0.0, 0.0, 0.125, 0.125
35.695033, OPEN_LOOP, 0.0, 0.0, 0.0, 0.0, 0.0, 0.0, 0.0, 0.0, 7.590000152587891, 0.0, 0.0, 0.0, 0.0, 0.0, 0.0, 0.0, 0.0, 0.0, 0.0, 0.0, 0.0, 0.125, 0.125
35.714883, OPEN_LOOP, 0.0, 0.0, 0.0, 0.0, 0.0, 0.0, 0.0, 0.0, 7.579999923706055, 0.0, 0.0, 0.0, 0.0, 0.0, 0.0, 0.0, 0.0, 0.0, 0.0, 0.0, 0.0, 0.125, 0.125
35.734953, OPEN_LOOP, 0.0, 0.0, 0.0, 0.0, 0.0, 0.0, 0.0, 0.0, 7.559999942779541, 0.0, 0.0, 0.0, 0.0, 0.0, 0.0, 0.0, 0.0, 0.0, 0.0, 0.0, 0.0, 0.125, 0.125
35.75531, OPEN_LOOP, 0.0, 0.0, 0.0, 0.0, 0.0, 0.0, 0.0, 0.0, 7.559999942779541, 0.0, 0.0, 0.0, 0.0, 0.0, 0.0, 0.0, 0.0, 0.0, 0.0, 0.0, 0.0, 0.125, 0.125
35.775823, OPEN_LOOP, 0.0, 0.0, 0.0, 0.0, 0.0, 0.0, 0.0, 0.0, 7.53000020980835, 0.0, 0.0, 0.0, 0.0, 0.0, 0.0, 0.0, 0.0, 0.0, 0.0, 0.0, 0.0, 0.125, 0.125
35.795357, OPEN_LOOP, 0.0, 0.0, 0.0, 0.0, 0.0, 0.0, 0.0, 0.0, 7.519999980926514, 0.0, 0.0, 0.0, 0.0, 0.0, 0.0, 0.0, 0.0, 0.0, 0.0, 0.0, 0.0, 0.125, 0.125
35.814955, OPEN_LOOP, 0.0, 0.0, 0.0, 0.0, 0.0, 0.0, 0.0, 0.0, 7.5, 0.0, 0.0, 0.0, 0.0, 0.0, 0.0, 0.0, 0.0, 0.0, 0.0, 0.0, 0.0, 0.125, 0.125
35.835458, OPEN_LOOP, 0.0, 0.0, 0.0, 0.0, 0.0, 0.0, 0.0, 0.0, 7.46999979019165, 0.0, 0.0, 0.0, 0.0, 0.0, 0.0, 0.0, 0.0, 0.0, 0.0, 0.0, 0.0, 0.125, 0.125
35.855385, OPEN_LOOP, 0.0, 0.0, 0.0, 0.0, 0.0, 0.0, 0.0, 0.0, 7.449999809265137, 0.0, 0.0, 0.0, 0.0, 0.0, 0.0, 0.0, 0.0, 0.0, 0.0, 0.0, 0.0, 0.125, 0.125
35.875917, OPEN_LOOP, 0.0, 0.0, 0.0, 0.0, 0.0, 0.0, 0.0, 0.0, 7.429999828338623, 0.0, 0.0, 0.0, 0.0, 0.0, 0.0, 0.0, 0.0, 0.0, 0.0, 0.0, 0.0, 0.125, 0.125
35.896783, OPEN_LOOP, 0.0, 0.0, 0.0, 0.0, 0.0, 0.0, 0.0, 0.0, 7.380000114440918, 0.0, 0.0, 0.0, 0.0, 0.0, 0.0, 0.0, 0.0, 0.0, 0.0, 0.0, 0.0, 0.125, 0.125
35.916072, OPEN_LOOP, 0.0, 0.0, 0.0, 0.0, 0.0, 0.0, 0.0, 0.0, 7.360000133514404, 0.0, 0.0, 0.0, 0.0, 0.0, 0.0, 0.0, 0.0, 0.0, 0.0, 0.0, 0.0, 0.125, 0.125
35.935987, OPEN_LOOP, 0.0, 0.0, 0.0, 0.0, 0.0, 0.0, 0.0, 0.0, 7.340000152587891, 0.0, 0.0, 0.0, 0.0, 0.0, 0.0, 0.0, 0.0, 0.0, 0.0, 0.0, 0.0, 0.125, 0.125
35.955422, OPEN_LOOP, 0.0, 0.0, 0.0, 0.0, 0.0, 0.0, 0.0, 0.0, 7.300000190734863, 0.0, 0.0, 0.0, 0.0, 0.0, 0.0, 0.0, 0.0, 0.0, 0.0, 0.0, 0.0, 0.125, 0.125
35.975741, OPEN_LOOP, 0.0, 0.0, 0.0, 0.0, 0.0, 0.0, 0.0, 0.0, 7.289999961853027, 0.0, 0.0, 0.0, 0.0, 0.0, 0.0, 0.0, 0.0, 0.0, 0.0, 0.0, 0.0, 0.125, 0.125
35.996546, OPEN_LOOP, 0.0, 0.0, 0.0, 0.0, 0.0, 0.0, 0.0, 0.0, 7.269999980926514, 0.0, 0.0, 0.0, 0.0, 0.0, 0.0, 0.0, 0.0, 0.0, 0.0, 0.0, 0.0, 0.125, 0.125
36.015701, OPEN_LOOP, 0.0, 0.0, 0.0, 0.0, 0.0, 0.0, 0.0, 0.0, 7.269999980926514, 0.0, 0.0, 0.0, 0.0, 0.0, 0.0, 0.0, 0.0, 0.0, 0.0, 0.0, 0.0, 0.125, 0.125
36.036234, OPEN_LOOP, 0.0, 0.0, 0.0, 0.0, 0.0, 0.0, 0.0, 0.0, 7.28000020980835, 0.0, 0.0, 0.0, 0.0, 0.0, 0.0, 0.0, 0.0, 0.0, 0.0, 0.0, 0.0, 0.125, 0.125
36.055506, OPEN_LOOP, 0.0, 0.0, 0.0, 0.0, 0.0, 0.0, 0.0, 0.0, 7.289999961853027, 0.0, 0.0, 0.0, 0.0, 0.0, 0.0, 0.0, 0.0, 0.0, 0.0, 0.0, 0.0, 0.125, 0.125
36.075732, OPEN_LOOP, 0.0, 0.0, 0.0, 0.0, 0.0, 0.0, 0.0, 0.0, 7.300000190734863, 0.0, 0.0, 0.0, 0.0, 0.0, 0.0, 0.0, 0.0, 0.0, 0.0, 0.0, 0.0, 0.125, 0.125
36.095644, OPEN_LOOP, 0.0, 0.0, 0.0, 0.0, 0.0, 0.0, 0.0, 0.0, 7.309999942779541, 0.0, 0.0, 0.0, 0.0, 0.0, 0.0, 0.0, 0.0, 0.0, 0.0, 0.0, 0.0, 0.125, 0.125
36.120345, OPEN_LOOP, 0.0, 0.0, 0.0, 0.0, 0.0, 0.0, 0.0, 0.0, 7.320000171661377, 0.0, 0.0, 0.0, 0.0, 0.0, 0.0, 0.0, 0.0, 0.0, 0.0, 0.0, 0.0, 0.125, 0.125
36.136272, OPEN_LOOP, 0.0, 0.0, 0.0, 0.0, 0.0, 0.0, 0.0, 0.0, 7.320000171661377, 0.0, 0.0, 0.0, 0.0, 0.0, 0.0, 0.0, 0.0, 0.0, 0.0, 0.0, 0.0, 0.125, 0.125
36.155276, OPEN_LOOP, 0.0, 0.0, 0.0, 0.0, 0.0, 0.0, 0.0, 0.0, 7.320000171661377, 0.0, 0.0, 0.0, 0.0, 0.0, 0.0, 0.0, 0.0, 0.0, 0.0, 0.0, 0.0, 0.125, 0.125
36.175652, OPEN_LOOP, 0.0, 0.0, 0.0, 0.0, 0.0, 0.0, 0.0, 0.0, 7.320000171661377, 0.0, 0.0, 0.0, 0.0, 0.0, 0.0, 0.0, 0.0, 0.0, 0.0, 0.0, 0.0, 0.125, 0.125
36.196247, OPEN_LOOP, 0.0, 0.0, 0.0, 0.0, 0.0, 0.0, 0.0, 0.0, 7.320000171661377, 0.0, 0.0, 0.0, 0.0, 0.0, 0.0, 0.0, 0.0, 0.0, 0.0, 0.0, 0.0, 0.125, 0.125
36.215282, OPEN_LOOP, 0.0, 0.0, 0.0, 0.0, 0.0, 0.0, 0.0, 0.0, 7.320000171661377, 0.0, 0.0, 0.0, 0.0, 0.0, 0.0, 0.0, 0.0, 0.0, 0.0, 0.0, 0.0, 0.125, 0.125
36.236232, OPEN_LOOP, 0.0, 0.0, 0.0, 0.0, 0.0, 0.0, 0.0, 0.0, 7.329999923706055, 0.0, 0.0, 0.0, 0.0, 0.0, 0.0, 0.0, 0.0, 0.0, 0.0, 0.0, 0.0, 0.125, 0.125
36.256158, OPEN_LOOP, 0.0, 0.0, 0.0, 0.0, 0.0, 0.0, 0.0, 0.0, 7.340000152587891, 0.0, 0.0, 0.0, 0.0, 0.0, 0.0, 0.0, 0.0, 0.0, 0.0, 0.0, 0.0, 0.125, 0.125
36.275416, OPEN_LOOP, 0.0, 0.0, 0.0, 0.0, 0.0, 0.0, 0.0, 0.0, 7.349999904632568, 0.0, 0.0, 0.0, 0.0, 0.0, 0.0, 0.0, 0.0, 0.0, 0.0, 0.0, 0.0, 0.125, 0.125
36.295488999999996, OPEN_LOOP, 0.0, 0.0, 0.0, 0.0, 0.0, 0.0, 0.0, 0.0, 7.369999885559082, 0.0, 0.0, 0.0, 0.0, 0.0, 0.0, 0.0, 0.0, 0.0, 0.0, 0.0, 0.0, 0.125, 0.125
36.315743, OPEN_LOOP, 0.0, 0.0, 0.0, 0.0, 0.0, 0.0, 0.0, 0.0, 7.380000114440918, 0.0, 0.0, 0.0, 0.0, 0.0, 0.0, 0.0, 0.0, 0.0, 0.0, 0.0, 0.0, 0.125, 0.125
36.335554, OPEN_LOOP, 0.0, 0.0, 0.0, 0.0, 0.0, 0.0, 0.0, 0.0, 7.380000114440918, 0.0, 0.0, 0.0, 0.0, 0.0, 0.0, 0.0, 0.0, 0.0, 0.0, 0.0, 0.0, 0.125, 0.125
36.355991, OPEN_LOOP, 0.0, 0.0, 0.0, 0.0, 0.0, 0.0, 0.0, 0.0, 7.380000114440918, 0.0, 0.0, 0.0, 0.0, 0.0, 0.0, 0.0, 0.0, 0.0, 0.0, 0.0, 0.0, 0.125, 0.125
36.374943, OPEN_LOOP, 0.0, 0.0, 0.0, 0.0, 0.0, 0.0, 0.0, 0.0, 7.380000114440918, 0.0, 0.0, 0.0, 0.0, 0.0, 0.0, 0.0, 0.0, 0.0, 0.0, 0.0, 0.0, 0.125, 0.125
36.395127, OPEN_LOOP, 0.0, 0.0, 0.0, 0.0, 0.0, 0.0, 0.0, 0.0, 7.369999885559082, 0.0, 0.0, 0.0, 0.0, 0.0, 0.0, 0.0, 0.0, 0.0, 0.0, 0.0, 0.0, 0.125, 0.125
36.415424, OPEN_LOOP, 0.0, 0.0, 0.0, 0.0, 0.0, 0.0, 0.0, 0.0, 7.360000133514404, 0.0, 0.0, 0.0, 0.0, 0.0, 0.0, 0.0, 0.0, 0.0, 0.0, 0.0, 0.0, 0.125, 0.125
36.435549, OPEN_LOOP, 0.0, 0.0, 0.0, 0.0, 0.0, 0.0, 0.0, 0.0, 7.360000133514404, 0.0, 0.0, 0.0, 0.0, 0.0, 0.0, 0.0, 0.0, 0.0, 0.0, 0.0, 0.0, 0.125, 0.125
36.454727, OPEN_LOOP, 0.0, 0.0, 0.0, 0.0, 0.0, 0.0, 0.0, 0.0, 7.360000133514404, 0.0, 0.0, 0.0, 0.0, 0.0, 0.0, 0.0, 0.0, 0.0, 0.0, 0.0, 0.0, 0.125, 0.125
36.475103, OPEN_LOOP, 0.0, 0.0, 0.0, 0.0, 0.0, 0.0, 0.0, 0.0, 7.360000133514404, 0.0, 0.0, 0.0, 0.0, 0.0, 0.0, 0.0, 0.0, 0.0, 0.0, 0.0, 0.0, 0.125, 0.125
36.49597, OPEN_LOOP, 0.0, 0.0, 0.0, 0.0, 0.0, 0.0, 0.0, 0.0, 7.360000133514404, 0.0, 0.0, 0.0, 0.0, 0.0, 0.0, 0.0, 0.0, 0.0, 0.0, 0.0, 0.0, 0.125, 0.125
36.516421, OPEN_LOOP, 0.0, 0.0, 0.0, 0.0, 0.0, 0.0, 0.0, 0.0, 7.369999885559082, 0.0, 0.0, 0.0, 0.0, 0.0, 0.0, 0.0, 0.0, 0.0, 0.0, 0.0, 0.0, 0.125, 0.125
36.535464, OPEN_LOOP, 0.0, 0.0, 0.0, 0.0, 0.0, 0.0, 0.0, 0.0, 7.369999885559082, 0.0, 0.0, 0.0, 0.0, 0.0, 0.0, 0.0, 0.0, 0.0, 0.0, 0.0, 0.0, 0.125, 0.125
36.554987, OPEN_LOOP, 0.0, 0.0, 0.0, 0.0, 0.0, 0.0, 0.0, 0.0, 7.369999885559082, 0.0, 0.0, 0.0, 0.0, 0.0, 0.0, 0.0, 0.0, 0.0, 0.0, 0.0, 0.0, 0.125, 0.125
36.575476, OPEN_LOOP, 0.0, 0.0, 0.0, 0.0, 0.0, 0.0, 0.0, 0.0, 7.369999885559082, 0.0, 0.0, 0.0, 0.0, 0.0, 0.0, 0.0, 0.0, 0.0, 0.0, 0.0, 0.0, 0.125, 0.125
36.595577999999996, OPEN_LOOP, 0.0, 0.0, 0.0, 0.0, 0.0, 0.0, 0.0, 0.0, 7.369999885559082, 0.0, 0.0, 0.0, 0.0, 0.0, 0.0, 0.0, 0.0, 0.0, 0.0, 0.0, 0.0, 0.125, 0.125
36.616609, OPEN_LOOP, 0.0, 0.0, 0.0, 0.0, 0.0, 0.0, 0.0, 0.0, 7.369999885559082, 0.0, 0.0, 0.0, 0.0, 0.0, 0.0, 0.0, 0.0, 0.0, 0.0, 0.0, 0.0, 0.125, 0.125
36.636037, OPEN_LOOP, 0.0, 0.0, 0.0, 0.0, 0.0, 0.0, 0.0, 0.0, 7.360000133514404, 0.0, 0.0, 0.0, 0.0, 0.0, 0.0, 0.0, 0.0, 0.0, 0.0, 0.0, 0.0, 0.125, 0.125
36.655362, OPEN_LOOP, 0.0, 0.0, 0.0, 0.0, 0.0, 0.0, 0.0, 0.0, 7.360000133514404, 0.0, 0.0, 0.0, 0.0, 0.0, 0.0, 0.0, 0.0, 0.0, 0.0, 0.0, 0.0, 0.125, 0.125
36.675703, OPEN_LOOP, 0.0, 0.0, 0.0, 0.0, 0.0, 0.0, 0.0, 0.0, 7.360000133514404, 0.0, 0.0, 0.0, 0.0, 0.0, 0.0, 0.0, 0.0, 0.0, 0.0, 0.0, 0.0, 0.125, 0.125
36.69591, OPEN_LOOP, 0.0, 0.0, 0.0, 0.0, 0.0, 0.0, 0.0, 0.0, 7.369999885559082, 0.0, 0.0, 0.0, 0.0, 0.0, 0.0, 0.0, 0.0, 0.0, 0.0, 0.0, 0.0, 0.125, 0.125
36.715419, OPEN_LOOP, 0.0, 0.0, 0.0, 0.0, 0.0, 0.0, 0.0, 0.0, 7.369999885559082, 0.0, 0.0, 0.0, 0.0, 0.0, 0.0, 0.0, 0.0, 0.0, 0.0, 0.0, 0.0, 0.125, 0.125
36.735299, OPEN_LOOP, 0.0, 0.0, 0.0, 0.0, 0.0, 0.0, 0.0, 0.0, 7.369999885559082, 0.0, 0.0, 0.0, 0.0, 0.0, 0.0, 0.0, 0.0, 0.0, 0.0, 0.0, 0.0, 0.125, 0.125
36.756168, OPEN_LOOP, 0.0, 0.0, 0.0, 0.0, 0.0, 0.0, 0.0, 0.0, 7.369999885559082, 0.0, 0.0, 0.0, 0.0, 0.0, 0.0, 0.0, 0.0, 0.0, 0.0, 0.0, 0.0, 0.125, 0.125
36.775647, OPEN_LOOP, 0.0, 0.0, 0.0, 0.0, 0.0, 0.0, 0.0, 0.0, 7.369999885559082, 0.0, 0.0, 0.0, 0.0, 0.0, 0.0, 0.0, 0.0, 0.0, 0.0, 0.0, 0.0, 0.125, 0.125
36.796083, OPEN_LOOP, 0.0, 0.0, 0.0, 0.0, 0.0, 0.0, 0.0, 0.0, 7.369999885559082, 0.0, 0.0, 0.0, 0.0, 0.0, 0.0, 0.0, 0.0, 0.0, 0.0, 0.0, 0.0, 0.125, 0.125
36.816131999999996, OPEN_LOOP, 0.0, 0.0, 0.0, 0.0, 0.0, 0.0, 0.0, 0.0, 7.360000133514404, 0.0, 0.0, 0.0, 0.0, 0.0, 0.0, 0.0, 0.0, 0.0, 0.0, 0.0, 0.0, 0.125, 0.125
36.835449, OPEN_LOOP, 0.0, 0.0, 0.0, 0.0, 0.0, 0.0, 0.0, 0.0, 7.360000133514404, 0.0, 0.0, 0.0, 0.0, 0.0, 0.0, 0.0, 0.0, 0.0, 0.0, 0.0, 0.0, 0.125, 0.125
36.855543, OPEN_LOOP, 0.0, 0.0, 0.0, 0.0, 0.0, 0.0, 0.0, 0.0, 7.360000133514404, 0.0, 0.0, 0.0, 0.0, 0.0, 0.0, 0.0, 0.0, 0.0, 0.0, 0.0, 0.0, 0.125, 0.125
36.876556, OPEN_LOOP, 0.0, 0.0, 0.0, 0.0, 0.0, 0.0, 0.0, 0.0, 7.360000133514404, 0.0, 0.0, 0.0, 0.0, 0.0, 0.0, 0.0, 0.0, 0.0, 0.0, 0.0, 0.0, 0.125, 0.125
36.896629, OPEN_LOOP, 0.0, 0.0, 0.0, 0.0, 0.0, 0.0, 0.0, 0.0, 7.360000133514404, 0.0, 0.0, 0.0, 0.0, 0.0, 0.0, 0.0, 0.0, 0.0, 0.0, 0.0, 0.0, 0.125, 0.125
36.915552, OPEN_LOOP, 0.0, 0.0, 0.0, 0.0, 0.0, 0.0, 0.0, 0.0, 7.360000133514404, 0.0, 0.0, 0.0, 0.0, 0.0, 0.0, 0.0, 0.0, 0.0, 0.0, 0.0, 0.0, 0.125, 0.125
36.935128, OPEN_LOOP, 0.0, 0.0, 0.0, 0.0, 0.0, 0.0, 0.0, 0.0, 7.360000133514404, 0.0, 0.0, 0.0, 0.0, 0.0, 0.0, 0.0, 0.0, 0.0, 0.0, 0.0, 0.0, 0.125, 0.125
36.955738, OPEN_LOOP, 0.0, 0.0, 0.0, 0.0, 0.0, 0.0, 0.0, 0.0, 7.360000133514404, 0.0, 0.0, 0.0, 0.0, 0.0, 0.0, 0.0, 0.0, 0.0, 0.0, 0.0, 0.0, 0.125, 0.125
36.97636, OPEN_LOOP, 0.0, 0.0, 0.0, 0.0, 0.0, 0.0, 0.0, 0.0, 7.360000133514404, 0.0, 0.0, 0.0, 0.0, 0.0, 0.0, 0.0, 0.0, 0.0, 0.0, 0.0, 0.0, 0.125, 0.125
36.997306, OPEN_LOOP, 0.0, 0.0, 0.0, 0.0, 0.0, 0.0, 0.0, 0.0, 7.360000133514404, 0.0, 0.0, 0.0, 0.0, 0.0, 0.0, 0.0, 0.0, 0.0, 0.0, 0.0, 0.0, 0.125, 0.125
37.028940999999996, OPEN_LOOP, 0.0, 0.0, 0.0, 0.0, 0.0, 0.0, 0.0, 0.0, 7.360000133514404, 0.0, 0.0, 0.0, 0.0, 0.0, 0.0, 0.0, 0.0, 0.0, 0.0, 0.0, 0.0, 0.125, 0.125
37.055881, OPEN_LOOP, 0.0, 0.0, 0.0, 0.0, 0.0, 0.0, 0.0, 0.0, 7.360000133514404, 0.0, 0.0, 0.0, 0.0, 0.0, 0.0, 0.0, 0.0, 0.0, 0.0, 0.0, 0.0, 0.125, 0.125
37.075886, OPEN_LOOP, 0.0, 0.0, 0.0, 0.0, 0.0, 0.0, 0.0, 0.0, 7.360000133514404, 0.0, 0.0, 0.0, 0.0, 0.0, 0.0, 0.0, 0.0, 0.0, 0.0, 0.0, 0.0, 0.125, 0.125
37.095895999999996, OPEN_LOOP, 0.0, 0.0, 0.0, 0.0, 0.0, 0.0, 0.0, 0.0, 7.360000133514404, 0.0, 0.0, 0.0, 0.0, 0.0, 0.0, 0.0, 0.0, 0.0, 0.0, 0.0, 0.0, 0.125, 0.125
37.114633, OPEN_LOOP, 0.0, 0.0, 0.0, 0.0, 0.0, 0.0, 0.0, 0.0, 7.360000133514404, 0.0, 0.0, 0.0, 0.0, 0.0, 0.0, 0.0, 0.0, 0.0, 0.0, 0.0, 0.0, 0.125, 0.125
37.135384, OPEN_LOOP, 0.0, 0.0, 0.0, 0.0, 0.0, 0.0, 0.0, 0.0, 7.360000133514404, 0.0, 0.0, 0.0, 0.0, 0.0, 0.0, 0.0, 0.0, 0.0, 0.0, 0.0, 0.0, 0.125, 0.125
37.155795, OPEN_LOOP, 0.0, 0.0, 0.0, 0.0, 0.0, 0.0, 0.0, 0.0, 7.360000133514404, 0.0, 0.0, 0.0, 0.0, 0.0, 0.0, 0.0, 0.0, 0.0, 0.0, 0.0, 0.0, 0.125, 0.125
37.175797, OPEN_LOOP, 0.0, 0.0, 0.0, 0.0, 0.0, 0.0, 0.0, 0.0, 7.360000133514404, 0.0, 0.0, 0.0, 0.0, 0.0, 0.0, 0.0, 0.0, 0.0, 0.0, 0.0, 0.0, 0.125, 0.125
37.214857, OPEN_LOOP, 0.0, 0.0, 0.0, 0.0, 0.0, 0.0, 0.0, 0.0, 7.369999885559082, 0.0, 0.0, 0.0, 0.0, 0.0, 0.0, 0.0, 0.0, 0.0, 0.0, 0.0, 0.0, 0.125, 0.125
37.238767, OPEN_LOOP, 0.0, 0.0, 0.0, 0.0, 0.0, 0.0, 0.0, 0.0, 7.369999885559082, 0.0, 0.0, 0.0, 0.0, 0.0, 0.0, 0.0, 0.0, 0.0, 0.0, 0.0, 0.0, 0.125, 0.125
37.255457, OPEN_LOOP, 0.0, 0.0, 0.0, 0.0, 0.0, 0.0, 0.0, 0.0, 7.369999885559082, 0.0, 0.0, 0.0, 0.0, 0.0, 0.0, 0.0, 0.0, 0.0, 0.0, 0.0, 0.0, 0.125, 0.125
37.274891, OPEN_LOOP, 0.0, 0.0, 0.0, 0.0, 0.0, 0.0, 0.0, 0.0, 7.369999885559082, 0.0, 0.0, 0.0, 0.0, 0.0, 0.0, 0.0, 0.0, 0.0, 0.0, 0.0, 0.0, 0.125, 0.125
37.295642, OPEN_LOOP, 0.0, 0.0, 0.0, 0.0, 0.0, 0.0, 0.0, 0.0, 7.369999885559082, 0.0, 0.0, 0.0, 0.0, 0.0, 0.0, 0.0, 0.0, 0.0, 0.0, 0.0, 0.0, 0.125, 0.125
37.3158, OPEN_LOOP, 0.0, 0.0, 0.0, 0.0, 0.0, 0.0, 0.0, 0.0, 7.369999885559082, 0.0, 0.0, 0.0, 0.0, 0.0, 0.0, 0.0, 0.0, 0.0, 0.0, 0.0, 0.0, 0.125, 0.125
37.335625, OPEN_LOOP, 0.0, 0.0, 0.0, 0.0, 0.0, 0.0, 0.0, 0.0, 7.369999885559082, 0.0, 0.0, 0.0, 0.0, 0.0, 0.0, 0.0, 0.0, 0.0, 0.0, 0.0, 0.0, 0.125, 0.125
37.355781, OPEN_LOOP, 0.0, 0.0, 0.0, 0.0, 0.0, 0.0, 0.0, 0.0, 7.369999885559082, 0.0, 0.0, 0.0, 0.0, 0.0, 0.0, 0.0, 0.0, 0.0, 0.0, 0.0, 0.0, 0.125, 0.125
37.375258, OPEN_LOOP, 0.0, 0.0, 0.0, 0.0, 0.0, 0.0, 0.0, 0.0, 7.369999885559082, 0.0, 0.0, 0.0, 0.0, 0.0, 0.0, 0.0, 0.0, 0.0, 0.0, 0.0, 0.0, 0.125, 0.125
37.395462, OPEN_LOOP, 0.0, 0.0, 0.0, 0.0, 0.0, 0.0, 0.0, 0.0, 7.369999885559082, 0.0, 0.0, 0.0, 0.0, 0.0, 0.0, 0.0, 0.0, 0.0, 0.0, 0.0, 0.0, 0.125, 0.125
37.415209, OPEN_LOOP, 0.0, 0.0, 0.0, 0.0, 0.0, 0.0, 0.0, 0.0, 7.369999885559082, 0.0, 0.0, 0.0, 0.0, 0.0, 0.0, 0.0, 0.0, 0.0, 0.0, 0.0, 0.0, 0.125, 0.125
37.43586, OPEN_LOOP, 0.0, 0.0, 0.0, 0.0, 0.0, 0.0, 0.0, 0.0, 7.369999885559082, 0.0, 0.0, 0.0, 0.0, 0.0, 0.0, 0.0, 0.0, 0.0, 0.0, 0.0, 0.0, 0.125, 0.125
37.455186, OPEN_LOOP, 0.0, 0.0, 0.0, 0.0, 0.0, 0.0, 0.0, 0.0, 7.369999885559082, 0.0, 0.0, 0.0, 0.0, 0.0, 0.0, 0.0, 0.0, 0.0, 0.0, 0.0, 0.0, 0.125, 0.125
37.483891, OPEN_LOOP, 0.0, 0.0, 0.0, 0.0, 0.0, 0.0, 0.0, 0.0, 7.369999885559082, 0.0, 0.0, 0.0, 0.0, 0.0, 0.0, 0.0, 0.0, 0.0, 0.0, 0.0, 0.0, 0.125, 0.125
37.530829, OPEN_LOOP, 0.0, 0.0, 0.0, 0.0, 0.0, 0.0, 0.0, 0.0, 7.369999885559082, 0.0, 0.0, 0.0, 0.0, 0.0, 0.0, 0.0, 0.0, 0.0, 0.0, 0.0, 0.0, 0.125, 0.125
37.549427, OPEN_LOOP, 0.0, 0.0, 0.0, 0.0, 0.0, 0.0, 0.0, 0.0, 7.380000114440918, 0.0, 0.0, 0.0, 0.0, 0.0, 0.0, 0.0, 0.0, 0.0, 0.0, 0.0, 0.0, 0.125, 0.125
37.583346999999996, OPEN_LOOP, 0.0, 0.0, 0.0, 0.0, 0.0, 0.0, 0.0, 0.0, 7.369999885559082, 0.0, 0.0, 0.0, 0.0, 0.0, 0.0, 0.0, 0.0, 0.0, 0.0, 0.0, 0.0, 0.125, 0.125
37.615742, OPEN_LOOP, 0.0, 0.0, 0.0, 0.0, 0.0, 0.0, 0.0, 0.0, 7.380000114440918, 0.0, 0.0, 0.0, 0.0, 0.0, 0.0, 0.0, 0.0, 0.0, 0.0, 0.0, 0.0, 0.125, 0.125
37.681554, OPEN_LOOP, 0.0, 0.0, 0.0, 0.0, 0.0, 0.0, 0.0, 0.0, 7.380000114440918, 0.0, 0.0, 0.0, 0.0, 0.0, 0.0, 0.0, 0.0, 0.0, 0.0, 0.0, 0.0, 0.125, 0.125
37.707777, OPEN_LOOP, 0.0, 0.0, 0.0, 0.0, 0.0, 0.0, 0.0, 0.0, 7.380000114440918, 0.0, 0.0, 0.0, 0.0, 0.0, 0.0, 0.0, 0.0, 0.0, 0.0, 0.0, 0.0, 0.125, 0.125
38.154403, OPEN_LOOP, 0.0, 0.0, 0.0, 0.0, 0.0, 0.0, 0.0, 0.0, 7.389999866485596, 0.0, 0.0, 0.0, 0.0, 0.0, 0.0, 0.0, 0.0, 0.0, 0.0, 0.0, 0.0, 0.125, 0.125
38.174911, OPEN_LOOP, 0.0, 0.0, 0.0, 0.0, 0.0, 0.0, 0.0, 0.0, 7.389999866485596, 0.0, 0.0, 0.0, 0.0, 0.0, 0.0, 0.0, 0.0, 0.0, 0.0, 0.0, 0.0, 0.125, 0.125
38.19559, OPEN_LOOP, 0.0, 0.0, 0.0, 0.0, 0.0, 0.0, 0.0, 0.0, 7.389999866485596, 0.0, 0.0, 0.0, 0.0, 0.0, 0.0, 0.0, 0.0, 0.0, 0.0, 0.0, 0.0, 0.125, 0.125
38.214768, OPEN_LOOP, 0.0, 0.0, 0.0, 0.0, 0.0, 0.0, 0.0, 0.0, 7.389999866485596, 0.0, 0.0, 0.0, 0.0, 0.0, 0.0, 0.0, 0.0, 0.0, 0.0, 0.0, 0.0, 0.125, 0.125
38.235803, OPEN_LOOP, 0.0, 0.0, 0.0, 0.0, 0.0, 0.0, 0.0, 0.0, 7.389999866485596, 0.0, 0.0, 0.0, 0.0, 0.0, 0.0, 0.0, 0.0, 0.0, 0.0, 0.0, 0.0, 0.125, 0.125
38.259471, OPEN_LOOP, 0.0, 0.0, 0.0, 0.0, 0.0, 0.0, 0.0, 0.0, 7.389999866485596, 0.0, 0.0, 0.0, 0.0, 0.0, 0.0, 0.0, 0.0, 0.0, 0.0, 0.0, 0.0, 0.125, 0.125
38.275877, OPEN_LOOP, 0.0, 0.0, 0.0, 0.0, 0.0, 0.0, 0.0, 0.0, 7.389999866485596, 0.0, 0.0, 0.0, 0.0, 0.0, 0.0, 0.0, 0.0, 0.0, 0.0, 0.0, 0.0, 0.125, 0.125
38.29511, OPEN_LOOP, 0.0, 0.0, 0.0, 0.0, 0.0, 0.0, 0.0, 0.0, 7.389999866485596, 0.0, 0.0, 0.0, 0.0, 0.0, 0.0, 0.0, 0.0, 0.0, 0.0, 0.0, 0.0, 0.125, 0.125
38.314988, OPEN_LOOP, 0.0, 0.0, 0.0, 0.0, 0.0, 0.0, 0.0, 0.0, 7.389999866485596, 0.0, 0.0, 0.0, 0.0, 0.0, 0.0, 0.0, 0.0, 0.0, 0.0, 0.0, 0.0, 0.125, 0.125
38.335347999999996, OPEN_LOOP, 0.0, 0.0, 0.0, 0.0, 0.0, 0.0, 0.0, 0.0, 7.400000095367432, 0.0, 0.0, 0.0, 0.0, 0.0, 0.0, 0.0, 0.0, 0.0, 0.0, 0.0, 0.0, 0.125, 0.125
38.355183, OPEN_LOOP, 0.0, 0.0, 0.0, 0.0, 0.0, 0.0, 0.0, 0.0, 7.400000095367432, 0.0, 0.0, 0.0, 0.0, 0.0, 0.0, 0.0, 0.0, 0.0, 0.0, 0.0, 0.0, 0.125, 0.125
38.375662, OPEN_LOOP, 0.0, 0.0, 0.0, 0.0, 0.0, 0.0, 0.0, 0.0, 7.400000095367432, 0.0, 0.0, 0.0, 0.0, 0.0, 0.0, 0.0, 0.0, 0.0, 0.0, 0.0, 0.0, 0.125, 0.125
38.395191, OPEN_LOOP, 0.0, 0.0, 0.0, 0.0, 0.0, 0.0, 0.0, 0.0, 7.400000095367432, 0.0, 0.0, 0.0, 0.0, 0.0, 0.0, 0.0, 0.0, 0.0, 0.0, 0.0, 0.0, 0.125, 0.125
38.416101, OPEN_LOOP, 0.0, 0.0, 0.0, 0.0, 0.0, 0.0, 0.0, 0.0, 7.400000095367432, 0.0, 0.0, 0.0, 0.0, 0.0, 0.0, 0.0, 0.0, 0.0, 0.0, 0.0, 0.0, 0.125, 0.125
38.436075, OPEN_LOOP, 0.0, 0.0, 0.0, 0.0, 0.0, 0.0, 0.0, 0.0, 7.400000095367432, 0.0, 0.0, 0.0, 0.0, 0.0, 0.0, 0.0, 0.0, 0.0, 0.0, 0.0, 0.0, 0.125, 0.125
38.455132, OPEN_LOOP, 0.0, 0.0, 0.0, 0.0, 0.0, 0.0, 0.0, 0.0, 7.400000095367432, 0.0, 0.0, 0.0, 0.0, 0.0, 0.0, 0.0, 0.0, 0.0, 0.0, 0.0, 0.0, 0.125, 0.125
38.474747, OPEN_LOOP, 0.0, 0.0, 0.0, 0.0, 0.0, 0.0, 0.0, 0.0, 7.400000095367432, 0.0, 0.0, 0.0, 0.0, 0.0, 0.0, 0.0, 0.0, 0.0, 0.0, 0.0, 0.0, 0.125, 0.125
38.494787, OPEN_LOOP, 0.0, 0.0, 0.0, 0.0, 0.0, 0.0, 0.0, 0.0, 7.400000095367432, 0.0, 0.0, 0.0, 0.0, 0.0, 0.0, 0.0, 0.0, 0.0, 0.0, 0.0, 0.0, 0.125, 0.125
38.514962, OPEN_LOOP, 0.0, 0.0, 0.0, 0.0, 0.0, 0.0, 0.0, 0.0, 7.400000095367432, 0.0, 0.0, 0.0, 0.0, 0.0, 0.0, 0.0, 0.0, 0.0, 0.0, 0.0, 0.0, 0.125, 0.125
38.535082, OPEN_LOOP, 0.0, 0.0, 0.0, 0.0, 0.0, 0.0, 0.0, 0.0, 7.400000095367432, 0.0, 0.0, 0.0, 0.0, 0.0, 0.0, 0.0, 0.0, 0.0, 0.0, 0.0, 0.0, 0.125, 0.125
38.554702, OPEN_LOOP, 0.0, 0.0, 0.0, 0.0, 0.0, 0.0, 0.0, 0.0, 7.400000095367432, 0.0, 0.0, 0.0, 0.0, 0.0, 0.0, 0.0, 0.0, 0.0, 0.0, 0.0, 0.0, 0.125, 0.125
38.575503, OPEN_LOOP, 0.0, 0.0, 0.0, 0.0, 0.0, 0.0, 0.0, 0.0, 7.409999847412109, 0.0, 0.0, 0.0, 0.0, 0.0, 0.0, 0.0, 0.0, 0.0, 0.0, 0.0, 0.0, 0.125, 0.125
38.59589, OPEN_LOOP, 0.0, 0.0, 0.0, 0.0, 0.0, 0.0, 0.0, 0.0, 7.400000095367432, 0.0, 0.0, 0.0, 0.0, 0.0, 0.0, 0.0, 0.0, 0.0, 0.0, 0.0, 0.0, 0.125, 0.125
38.615789, OPEN_LOOP, 0.0, 0.0, 0.0, 0.0, 0.0, 0.0, 0.0, 0.0, 7.409999847412109, 0.0, 0.0, 0.0, 0.0, 0.0, 0.0, 0.0, 0.0, 0.0, 0.0, 0.0, 0.0, 0.125, 0.125
38.637512, OPEN_LOOP, 0.0, 0.0, 0.0, 0.0, 0.0, 0.0, 0.0, 0.0, 7.409999847412109, 0.0, 0.0, 0.0, 0.0, 0.0, 0.0, 0.0, 0.0, 0.0, 0.0, 0.0, 0.0, 0.125, 0.125
38.655794, OPEN_LOOP, 0.0, 0.0, 0.0, 0.0, 0.0, 0.0, 0.0, 0.0, 7.409999847412109, 0.0, 0.0, 0.0, 0.0, 0.0, 0.0, 0.0, 0.0, 0.0, 0.0, 0.0, 0.0, 0.125, 0.125
38.675641, OPEN_LOOP, 0.0, 0.0, 0.0, 0.0, 0.0, 0.0, 0.0, 0.0, 7.409999847412109, 0.0, 0.0, 0.0, 0.0, 0.0, 0.0, 0.0, 0.0, 0.0, 0.0, 0.0, 0.0, 0.125, 0.125
38.69612, OPEN_LOOP, 0.0, 0.0, 0.0, 0.0, 0.0, 0.0, 0.0, 0.0, 7.409999847412109, 0.0, 0.0, 0.0, 0.0, 0.0, 0.0, 0.0, 0.0, 0.0, 0.0, 0.0, 0.0, 0.125, 0.125
38.714631, OPEN_LOOP, 0.0, 0.0, 0.0, 0.0, 0.0, 0.0, 0.0, 0.0, 7.409999847412109, 0.0, 0.0, 0.0, 0.0, 0.0, 0.0, 0.0, 0.0, 0.0, 0.0, 0.0, 0.0, 0.125, 0.125
38.734743, OPEN_LOOP, 0.0, 0.0, 0.0, 0.0, 0.0, 0.0, 0.0, 0.0, 7.409999847412109, 0.0, 0.0, 0.0, 0.0, 0.0, 0.0, 0.0, 0.0, 0.0, 0.0, 0.0, 0.0, 0.125, 0.125
38.755145, OPEN_LOOP, 0.0, 0.0, 0.0, 0.0, 0.0, 0.0, 0.0, 0.0, 7.409999847412109, 0.0, 0.0, 0.0, 0.0, 0.0, 0.0, 0.0, 0.0, 0.0, 0.0, 0.0, 0.0, 0.125, 0.125
38.775313, OPEN_LOOP, 0.0, 0.0, 0.0, 0.0, 0.0, 0.0, 0.0, 0.0, 7.409999847412109, 0.0, 0.0, 0.0, 0.0, 0.0, 0.0, 0.0, 0.0, 0.0, 0.0, 0.0, 0.0, 0.125, 0.125
38.79524, OPEN_LOOP, 0.0, 0.0, 0.0, 0.0, 0.0, 0.0, 0.0, 0.0, 7.409999847412109, 0.0, 0.0, 0.0, 0.0, 0.0, 0.0, 0.0, 0.0, 0.0, 0.0, 0.0, 0.0, 0.125, 0.125
38.815303, OPEN_LOOP, 0.0, 0.0, 0.0, 0.0, 0.0, 0.0, 0.0, 0.0, 7.409999847412109, 0.0, 0.0, 0.0, 0.0, 0.0, 0.0, 0.0, 0.0, 0.0, 0.0, 0.0, 0.0, 0.125, 0.125
38.835068, OPEN_LOOP, 0.0, 0.0, 0.0, 0.0, 0.0, 0.0, 0.0, 0.0, 7.409999847412109, 0.0, 0.0, 0.0, 0.0, 0.0, 0.0, 0.0, 0.0, 0.0, 0.0, 0.0, 0.0, 0.125, 0.125
38.856038, OPEN_LOOP, 0.0, 0.0, 0.0, 0.0, 0.0, 0.0, 0.0, 0.0, 7.409999847412109, 0.0, 0.0, 0.0, 0.0, 0.0, 0.0, 0.0, 0.0, 0.0, 0.0, 0.0, 0.0, 0.125, 0.125
38.875092, OPEN_LOOP, 0.0, 0.0, 0.0, 0.0, 0.0, 0.0, 0.0, 0.0, 7.409999847412109, 0.0, 0.0, 0.0, 0.0, 0.0, 0.0, 0.0, 0.0, 0.0, 0.0, 0.0, 0.0, 0.125, 0.125
38.894962, OPEN_LOOP, 0.0, 0.0, 0.0, 0.0, 0.0, 0.0, 0.0, 0.0, 7.409999847412109, 0.0, 0.0, 0.0, 0.0, 0.0, 0.0, 0.0, 0.0, 0.0, 0.0, 0.0, 0.0, 0.125, 0.125
38.915554, OPEN_LOOP, 0.0, 0.0, 0.0, 0.0, 0.0, 0.0, 0.0, 0.0, 7.420000076293945, 0.0, 0.0, 0.0, 0.0, 0.0, 0.0, 0.0, 0.0, 0.0, 0.0, 0.0, 0.0, 0.125, 0.125
38.935109, OPEN_LOOP, 0.0, 0.0, 0.0, 0.0, 0.0, 0.0, 0.0, 0.0, 7.420000076293945, 0.0, 0.0, 0.0, 0.0, 0.0, 0.0, 0.0, 0.0, 0.0, 0.0, 0.0, 0.0, 0.125, 0.125
38.95452, OPEN_LOOP, 0.0, 0.0, 0.0, 0.0, 0.0, 0.0, 0.0, 0.0, 7.420000076293945, 0.0, 0.0, 0.0, 0.0, 0.0, 0.0, 0.0, 0.0, 0.0, 0.0, 0.0, 0.0, 0.125, 0.125
38.975654999999996, OPEN_LOOP, 0.0, 0.0, 0.0, 0.0, 0.0, 0.0, 0.0, 0.0, 7.420000076293945, 0.0, 0.0, 0.0, 0.0, 0.0, 0.0, 0.0, 0.0, 0.0, 0.0, 0.0, 0.0, 0.125, 0.125
38.994556, OPEN_LOOP, 0.0, 0.0, 0.0, 0.0, 0.0, 0.0, 0.0, 0.0, 7.420000076293945, 0.0, 0.0, 0.0, 0.0, 0.0, 0.0, 0.0, 0.0, 0.0, 0.0, 0.0, 0.0, 0.125, 0.125
39.015012999999996, OPEN_LOOP, 0.0, 0.0, 0.0, 0.0, 0.0, 0.0, 0.0, 0.0, 7.420000076293945, 0.0, 0.0, 0.0, 0.0, 0.0, 0.0, 0.0, 0.0, 0.0, 0.0, 0.0, 0.0, 0.125, 0.125
39.03544, OPEN_LOOP, 0.0, 0.0, 0.0, 0.0, 0.0, 0.0, 0.0, 0.0, 7.420000076293945, 0.0, 0.0, 0.0, 0.0, 0.0, 0.0, 0.0, 0.0, 0.0, 0.0, 0.0, 0.0, 0.125, 0.125
39.054482, OPEN_LOOP, 0.0, 0.0, 0.0, 0.0, 0.0, 0.0, 0.0, 0.0, 7.420000076293945, 0.0, 0.0, 0.0, 0.0, 0.0, 0.0, 0.0, 0.0, 0.0, 0.0, 0.0, 0.0, 0.125, 0.125
39.074886, OPEN_LOOP, 0.0, 0.0, 0.0, 0.0, 0.0, 0.0, 0.0, 0.0, 7.420000076293945, 0.0, 0.0, 0.0, 0.0, 0.0, 0.0, 0.0, 0.0, 0.0, 0.0, 0.0, 0.0, 0.125, 0.125
39.094782, OPEN_LOOP, 0.0, 0.0, 0.0, 0.0, 0.0, 0.0, 0.0, 0.0, 7.420000076293945, 0.0, 0.0, 0.0, 0.0, 0.0, 0.0, 0.0, 0.0, 0.0, 0.0, 0.0, 0.0, 0.125, 0.125
39.114684, OPEN_LOOP, 0.0, 0.0, 0.0, 0.0, 0.0, 0.0, 0.0, 0.0, 7.420000076293945, 0.0, 0.0, 0.0, 0.0, 0.0, 0.0, 0.0, 0.0, 0.0, 0.0, 0.0, 0.0, 0.125, 0.125
39.13489, OPEN_LOOP, 0.0, 0.0, 0.0, 0.0, 0.0, 0.0, 0.0, 0.0, 7.420000076293945, 0.0, 0.0, 0.0, 0.0, 0.0, 0.0, 0.0, 0.0, 0.0, 0.0, 0.0, 0.0, 0.125, 0.125
39.155001999999996, OPEN_LOOP, 0.0, 0.0, 0.0, 0.0, 0.0, 0.0, 0.0, 0.0, 7.420000076293945, 0.0, 0.0, 0.0, 0.0, 0.0, 0.0, 0.0, 0.0, 0.0, 0.0, 0.0, 0.0, 0.125, 0.125
39.175646, OPEN_LOOP, 0.0, 0.0, 0.0, 0.0, 0.0, 0.0, 0.0, 0.0, 7.420000076293945, 0.0, 0.0, 0.0, 0.0, 0.0, 0.0, 0.0, 0.0, 0.0, 0.0, 0.0, 0.0, 0.125, 0.125
39.195921, OPEN_LOOP, 0.0, 0.0, 0.0, 0.0, 0.0, 0.0, 0.0, 0.0, 7.420000076293945, 0.0, 0.0, 0.0, 0.0, 0.0, 0.0, 0.0, 0.0, 0.0, 0.0, 0.0, 0.0, 0.125, 0.125
39.215651, OPEN_LOOP, 0.0, 0.0, 0.0, 0.0, 0.0, 0.0, 0.0, 0.0, 7.420000076293945, 0.0, 0.0, 0.0, 0.0, 0.0, 0.0, 0.0, 0.0, 0.0, 0.0, 0.0, 0.0, 0.125, 0.125
39.235712, OPEN_LOOP, 0.0, 0.0, 0.0, 0.0, 0.0, 0.0, 0.0, 0.0, 7.420000076293945, 0.0, 0.0, 0.0, 0.0, 0.0, 0.0, 0.0, 0.0, 0.0, 0.0, 0.0, 0.0, 0.125, 0.125
39.255345, OPEN_LOOP, 0.0, 0.0, 0.0, 0.0, 0.0, 0.0, 0.0, 0.0, 7.420000076293945, 0.0, 0.0, 0.0, 0.0, 0.0, 0.0, 0.0, 0.0, 0.0, 0.0, 0.0, 0.0, 0.125, 0.125
39.274968, OPEN_LOOP, 0.0, 0.0, 0.0, 0.0, 0.0, 0.0, 0.0, 0.0, 7.429999828338623, 0.0, 0.0, 0.0, 0.0, 0.0, 0.0, 0.0, 0.0, 0.0, 0.0, 0.0, 0.0, 0.125, 0.125
39.295087, OPEN_LOOP, 0.0, 0.0, 0.0, 0.0, 0.0, 0.0, 0.0, 0.0, 7.429999828338623, 0.0, 0.0, 0.0, 0.0, 0.0, 0.0, 0.0, 0.0, 0.0, 0.0, 0.0, 0.0, 0.125, 0.125
39.315878, OPEN_LOOP, 0.0, 0.0, 0.0, 0.0, 0.0, 0.0, 0.0, 0.0, 7.429999828338623, 0.0, 0.0, 0.0, 0.0, 0.0, 0.0, 0.0, 0.0, 0.0, 0.0, 0.0, 0.0, 0.125, 0.125
39.335374, OPEN_LOOP, 0.0, 0.0, 0.0, 0.0, 0.0, 0.0, 0.0, 0.0, 7.429999828338623, 0.0, 0.0, 0.0, 0.0, 0.0, 0.0, 0.0, 0.0, 0.0, 0.0, 0.0, 0.0, 0.125, 0.125
39.354608999999996, OPEN_LOOP, 0.0, 0.0, 0.0, 0.0, 0.0, 0.0, 0.0, 0.0, 7.429999828338623, 0.0, 0.0, 0.0, 0.0, 0.0, 0.0, 0.0, 0.0, 0.0, 0.0, 0.0, 0.0, 0.125, 0.125
39.375182, OPEN_LOOP, 0.0, 0.0, 0.0, 0.0, 0.0, 0.0, 0.0, 0.0, 7.429999828338623, 0.0, 0.0, 0.0, 0.0, 0.0, 0.0, 0.0, 0.0, 0.0, 0.0, 0.0, 0.0, 0.125, 0.125
39.394908, OPEN_LOOP, 0.0, 0.0, 0.0, 0.0, 0.0, 0.0, 0.0, 0.0, 7.429999828338623, 0.0, 0.0, 0.0, 0.0, 0.0, 0.0, 0.0, 0.0, 0.0, 0.0, 0.0, 0.0, 0.125, 0.125
39.415284, OPEN_LOOP, 0.0, 0.0, 0.0, 0.0, 0.0, 0.0, 0.0, 0.0, 7.429999828338623, 0.0, 0.0, 0.0, 0.0, 0.0, 0.0, 0.0, 0.0, 0.0, 0.0, 0.0, 0.0, 0.125, 0.125
39.434416999999996, OPEN_LOOP, 0.0, 0.0, 0.0, 0.0, 0.0, 0.0, 0.0, 0.0, 7.429999828338623, 0.0, 0.0, 0.0, 0.0, 0.0, 0.0, 0.0, 0.0, 0.0, 0.0, 0.0, 0.0, 0.125, 0.125
39.455057, OPEN_LOOP, 0.0, 0.0, 0.0, 0.0, 0.0, 0.0, 0.0, 0.0, 7.429999828338623, 0.0, 0.0, 0.0, 0.0, 0.0, 0.0, 0.0, 0.0, 0.0, 0.0, 0.0, 0.0, 0.125, 0.125
39.475374, OPEN_LOOP, 0.0, 0.0, 0.0, 0.0, 0.0, 0.0, 0.0, 0.0, 7.429999828338623, 0.0, 0.0, 0.0, 0.0, 0.0, 0.0, 0.0, 0.0, 0.0, 0.0, 0.0, 0.0, 0.125, 0.125
39.494845, OPEN_LOOP, 0.0, 0.0, 0.0, 0.0, 0.0, 0.0, 0.0, 0.0, 7.429999828338623, 0.0, 0.0, 0.0, 0.0, 0.0, 0.0, 0.0, 0.0, 0.0, 0.0, 0.0, 0.0, 0.125, 0.125
39.515014, OPEN_LOOP, 0.0, 0.0, 0.0, 0.0, 0.0, 0.0, 0.0, 0.0, 7.429999828338623, 0.0, 0.0, 0.0, 0.0, 0.0, 0.0, 0.0, 0.0, 0.0, 0.0, 0.0, 0.0, 0.125, 0.125
39.535351, OPEN_LOOP, 0.0, 0.0, 0.0, 0.0, 0.0, 0.0, 0.0, 0.0, 7.429999828338623, 0.0, 0.0, 0.0, 0.0, 0.0, 0.0, 0.0, 0.0, 0.0, 0.0, 0.0, 0.0, 0.125, 0.125
39.555188, OPEN_LOOP, 0.0, 0.0, 0.0, 0.0, 0.0, 0.0, 0.0, 0.0, 7.429999828338623, 0.0, 0.0, 0.0, 0.0, 0.0, 0.0, 0.0, 0.0, 0.0, 0.0, 0.0, 0.0, 0.125, 0.125
39.575539, OPEN_LOOP, 0.0, 0.0, 0.0, 0.0, 0.0, 0.0, 0.0, 0.0, 7.429999828338623, 0.0, 0.0, 0.0, 0.0, 0.0, 0.0, 0.0, 0.0, 0.0, 0.0, 0.0, 0.0, 0.125, 0.125
39.595821, OPEN_LOOP, 0.0, 0.0, 0.0, 0.0, 0.0, 0.0, 0.0, 0.0, 7.440000057220459, 0.0, 0.0, 0.0, 0.0, 0.0, 0.0, 0.0, 0.0, 0.0, 0.0, 0.0, 0.0, 0.125, 0.125
39.615616, OPEN_LOOP, 0.0, 0.0, 0.0, 0.0, 0.0, 0.0, 0.0, 0.0, 7.440000057220459, 0.0, 0.0, 0.0, 0.0, 0.0, 0.0, 0.0, 0.0, 0.0, 0.0, 0.0, 0.0, 0.125, 0.125
39.635467, OPEN_LOOP, 0.0, 0.0, 0.0, 0.0, 0.0, 0.0, 0.0, 0.0, 7.440000057220459, 0.0, 0.0, 0.0, 0.0, 0.0, 0.0, 0.0, 0.0, 0.0, 0.0, 0.0, 0.0, 0.125, 0.125
39.655384, OPEN_LOOP, 0.0, 0.0, 0.0, 0.0, 0.0, 0.0, 0.0, 0.0, 7.440000057220459, 0.0, 0.0, 0.0, 0.0, 0.0, 0.0, 0.0, 0.0, 0.0, 0.0, 0.0, 0.0, 0.125, 0.125
39.67608, OPEN_LOOP, 0.0, 0.0, 0.0, 0.0, 0.0, 0.0, 0.0, 0.0, 7.440000057220459, 0.0, 0.0, 0.0, 0.0, 0.0, 0.0, 0.0, 0.0, 0.0, 0.0, 0.0, 0.0, 0.125, 0.125
39.695972, OPEN_LOOP, 0.0, 0.0, 0.0, 0.0, 0.0, 0.0, 0.0, 0.0, 7.440000057220459, 0.0, 0.0, 0.0, 0.0, 0.0, 0.0, 0.0, 0.0, 0.0, 0.0, 0.0, 0.0, 0.125, 0.125
39.715362, OPEN_LOOP, 0.0, 0.0, 0.0, 0.0, 0.0, 0.0, 0.0, 0.0, 7.440000057220459, 0.0, 0.0, 0.0, 0.0, 0.0, 0.0, 0.0, 0.0, 0.0, 0.0, 0.0, 0.0, 0.125, 0.125
39.735041, OPEN_LOOP, 0.0, 0.0, 0.0, 0.0, 0.0, 0.0, 0.0, 0.0, 7.440000057220459, 0.0, 0.0, 0.0, 0.0, 0.0, 0.0, 0.0, 0.0, 0.0, 0.0, 0.0, 0.0, 0.125, 0.125
39.755058, OPEN_LOOP, 0.0, 0.0, 0.0, 0.0, 0.0, 0.0, 0.0, 0.0, 7.440000057220459, 0.0, 0.0, 0.0, 0.0, 0.0, 0.0, 0.0, 0.0, 0.0, 0.0, 0.0, 0.0, 0.125, 0.125
39.775702, OPEN_LOOP, 0.0, 0.0, 0.0, 0.0, 0.0, 0.0, 0.0, 0.0, 7.440000057220459, 0.0, 0.0, 0.0, 0.0, 0.0, 0.0, 0.0, 0.0, 0.0, 0.0, 0.0, 0.0, 0.125, 0.125
39.795854, OPEN_LOOP, 0.0, 0.0, 0.0, 0.0, 0.0, 0.0, 0.0, 0.0, 7.440000057220459, 0.0, 0.0, 0.0, 0.0, 0.0, 0.0, 0.0, 0.0, 0.0, 0.0, 0.0, 0.0, 0.125, 0.125
39.815517, OPEN_LOOP, 0.0, 0.0, 0.0, 0.0, 0.0, 0.0, 0.0, 0.0, 7.440000057220459, 0.0, 0.0, 0.0, 0.0, 0.0, 0.0, 0.0, 0.0, 0.0, 0.0, 0.0, 0.0, 0.125, 0.125
39.834598, OPEN_LOOP, 0.0, 0.0, 0.0, 0.0, 0.0, 0.0, 0.0, 0.0, 7.440000057220459, 0.0, 0.0, 0.0, 0.0, 0.0, 0.0, 0.0, 0.0, 0.0, 0.0, 0.0, 0.0, 0.125, 0.125
39.854642, OPEN_LOOP, 0.0, 0.0, 0.0, 0.0, 0.0, 0.0, 0.0, 0.0, 7.440000057220459, 0.0, 0.0, 0.0, 0.0, 0.0, 0.0, 0.0, 0.0, 0.0, 0.0, 0.0, 0.0, 0.125, 0.125
39.875179, OPEN_LOOP, 0.0, 0.0, 0.0, 0.0, 0.0, 0.0, 0.0, 0.0, 7.440000057220459, 0.0, 0.0, 0.0, 0.0, 0.0, 0.0, 0.0, 0.0, 0.0, 0.0, 0.0, 0.0, 0.125, 0.125
39.89457, OPEN_LOOP, 0.0, 0.0, 0.0, 0.0, 0.0, 0.0, 0.0, 0.0, 7.440000057220459, 0.0, 0.0, 0.0, 0.0, 0.0, 0.0, 0.0, 0.0, 0.0, 0.0, 0.0, 0.0, 0.125, 0.125
39.915373, OPEN_LOOP, 0.0, 0.0, 0.0, 0.0, 0.0, 0.0, 0.0, 0.0, 7.440000057220459, 0.0, 0.0, 0.0, 0.0, 0.0, 0.0, 0.0, 0.0, 0.0, 0.0, 0.0, 0.0, 0.125, 0.125
39.935092, OPEN_LOOP, 0.0, 0.0, 0.0, 0.0, 0.0, 0.0, 0.0, 0.0, 7.449999809265137, 0.0, 0.0, 0.0, 0.0, 0.0, 0.0, 0.0, 0.0, 0.0, 0.0, 0.0, 0.0, 0.125, 0.125
39.959671, OPEN_LOOP, 0.0, 0.0, 0.0, 0.0, 0.0, 0.0, 0.0, 0.0, 7.449999809265137, 0.0, 0.0, 0.0, 0.0, 0.0, 0.0, 0.0, 0.0, 0.0, 0.0, 0.0, 0.0, 0.125, 0.125
39.976313, OPEN_LOOP, 0.0, 0.0, 0.0, 0.0, 0.0, 0.0, 0.0, 0.0, 7.449999809265137, 0.0, 0.0, 0.0, 0.0, 0.0, 0.0, 0.0, 0.0, 0.0, 0.0, 0.0, 0.0, 0.125, 0.125
39.995633, OPEN_LOOP, 0.0, 0.0, 0.0, 0.0, 0.0, 0.0, 0.0, 0.0, 7.449999809265137, 0.0, 0.0, 0.0, 0.0, 0.0, 0.0, 0.0, 0.0, 0.0, 0.0, 0.0, 0.0, 0.125, 0.125
40.015378, OPEN_LOOP, 0.0, 0.0, 0.0, 0.0, 0.0, 0.0, 0.0, 0.0, 7.449999809265137, 0.0, 0.0, 0.0, 0.0, 0.0, 0.0, 0.0, 0.0, 0.0, 0.0, 0.0, 0.0, 0.125, 0.125
40.03549, OPEN_LOOP, 0.0, 0.0, 0.0, 0.0, 0.0, 0.0, 0.0, 0.0, 7.449999809265137, 0.0, 0.0, 0.0, 0.0, 0.0, 0.0, 0.0, 0.0, 0.0, 0.0, 0.0, 0.0, 0.125, 0.125
40.055321, OPEN_LOOP, 0.0, 0.0, 0.0, 0.0, 0.0, 0.0, 0.0, 0.0, 7.449999809265137, 0.0, 0.0, 0.0, 0.0, 0.0, 0.0, 0.0, 0.0, 0.0, 0.0, 0.0, 0.0, 0.125, 0.125
40.074096, OPEN_LOOP, 0.0, 0.0, 0.0, 0.0, 0.0, 0.0, 0.0, 0.0, 7.449999809265137, 0.0, 0.0, 0.0, 0.0, 0.0, 0.0, 0.0, 0.0, 0.0, 0.0, 0.0, 0.0, 0.125, 0.125
40.094496, OPEN_LOOP, 0.0, 0.0, 0.0, 0.0, 0.0, 0.0, 0.0, 0.0, 7.449999809265137, 0.0, 0.0, 0.0, 0.0, 0.0, 0.0, 0.0, 0.0, 0.0, 0.0, 0.0, 0.0, 0.125, 0.125
40.114437, OPEN_LOOP, 0.0, 0.0, 0.0, 0.0, 0.0, 0.0, 0.0, 0.0, 7.449999809265137, 0.0, 0.0, 0.0, 0.0, 0.0, 0.0, 0.0, 0.0, 0.0, 0.0, 0.0, 0.0, 0.125, 0.125
40.135122, OPEN_LOOP, 0.0, 0.0, 0.0, 0.0, 0.0, 0.0, 0.0, 0.0, 7.449999809265137, 0.0, 0.0, 0.0, 0.0, 0.0, 0.0, 0.0, 0.0, 0.0, 0.0, 0.0, 0.0, 0.125, 0.125
40.155744, OPEN_LOOP, 0.0, 0.0, 0.0, 0.0, 0.0, 0.0, 0.0, 0.0, 7.449999809265137, 0.0, 0.0, 0.0, 0.0, 0.0, 0.0, 0.0, 0.0, 0.0, 0.0, 0.0, 0.0, 0.125, 0.125
40.175846, OPEN_LOOP, 0.0, 0.0, 0.0, 0.0, 0.0, 0.0, 0.0, 0.0, 7.449999809265137, 0.0, 0.0, 0.0, 0.0, 0.0, 0.0, 0.0, 0.0, 0.0, 0.0, 0.0, 0.0, 0.125, 0.125
40.196056, OPEN_LOOP, 0.0, 0.0, 0.0, 0.0, 0.0, 0.0, 0.0, 0.0, 7.449999809265137, 0.0, 0.0, 0.0, 0.0, 0.0, 0.0, 0.0, 0.0, 0.0, 0.0, 0.0, 0.0, 0.125, 0.125
40.2152, OPEN_LOOP, 0.0, 0.0, 0.0, 0.0, 0.0, 0.0, 0.0, 0.0, 7.449999809265137, 0.0, 0.0, 0.0, 0.0, 0.0, 0.0, 0.0, 0.0, 0.0, 0.0, 0.0, 0.0, 0.125, 0.125
40.235337, OPEN_LOOP, 0.0, 0.0, 0.0, 0.0, 0.0, 0.0, 0.0, 0.0, 7.449999809265137, 0.0, 0.0, 0.0, 0.0, 0.0, 0.0, 0.0, 0.0, 0.0, 0.0, 0.0, 0.0, 0.125, 0.125
40.257388, OPEN_LOOP, 0.0, 0.0, 0.0, 0.0, 0.0, 0.0, 0.0, 0.0, 7.449999809265137, 0.0, 0.0, 0.0, 0.0, 0.0, 0.0, 0.0, 0.0, 0.0, 0.0, 0.0, 0.0, 0.125, 0.125
40.275643, OPEN_LOOP, 0.0, 0.0, 0.0, 0.0, 0.0, 0.0, 0.0, 0.0, 7.449999809265137, 0.0, 0.0, 0.0, 0.0, 0.0, 0.0, 0.0, 0.0, 0.0, 0.0, 0.0, 0.0, 0.125, 0.125
40.294829, OPEN_LOOP, 0.0, 0.0, 0.0, 0.0, 0.0, 0.0, 0.0, 0.0, 7.449999809265137, 0.0, 0.0, 0.0, 0.0, 0.0, 0.0, 0.0, 0.0, 0.0, 0.0, 0.0, 0.0, 0.125, 0.125
40.315811, OPEN_LOOP, 0.0, 0.0, 0.0, 0.0, 0.0, 0.0, 0.0, 0.0, 7.460000038146973, 0.0, 0.0, 0.0, 0.0, 0.0, 0.0, 0.0, 0.0, 0.0, 0.0, 0.0, 0.0, 0.125, 0.125
40.335783, OPEN_LOOP, 0.0, 0.0, 0.0, 0.0, 0.0, 0.0, 0.0, 0.0, 7.460000038146973, 0.0, 0.0, 0.0, 0.0, 0.0, 0.0, 0.0, 0.0, 0.0, 0.0, 0.0, 0.0, 0.125, 0.125
40.355519, OPEN_LOOP, 0.0, 0.0, 0.0, 0.0, 0.0, 0.0, 0.0, 0.0, 7.460000038146973, 0.0, 0.0, 0.0, 0.0, 0.0, 0.0, 0.0, 0.0, 0.0, 0.0, 0.0, 0.0, 0.125, 0.125
40.375865, OPEN_LOOP, 0.0, 0.0, 0.0, 0.0, 0.0, 0.0, 0.0, 0.0, 7.460000038146973, 0.0, 0.0, 0.0, 0.0, 0.0, 0.0, 0.0, 0.0, 0.0, 0.0, 0.0, 0.0, 0.125, 0.125
40.395561, OPEN_LOOP, 0.0, 0.0, 0.0, 0.0, 0.0, 0.0, 0.0, 0.0, 7.460000038146973, 0.0, 0.0, 0.0, 0.0, 0.0, 0.0, 0.0, 0.0, 0.0, 0.0, 0.0, 0.0, 0.125, 0.125
40.416453, OPEN_LOOP, 0.0, 0.0, 0.0, 0.0, 0.0, 0.0, 0.0, 0.0, 7.460000038146973, 0.0, 0.0, 0.0, 0.0, 0.0, 0.0, 0.0, 0.0, 0.0, 0.0, 0.0, 0.0, 0.125, 0.125
40.435507, OPEN_LOOP, 0.0, 0.0, 0.0, 0.0, 0.0, 0.0, 0.0, 0.0, 7.460000038146973, 0.0, 0.0, 0.0, 0.0, 0.0, 0.0, 0.0, 0.0, 0.0, 0.0, 0.0, 0.0, 0.125, 0.125
40.455587, OPEN_LOOP, 0.0, 0.0, 0.0, 0.0, 0.0, 0.0, 0.0, 0.0, 7.460000038146973, 0.0, 0.0, 0.0, 0.0, 0.0, 0.0, 0.0, 0.0, 0.0, 0.0, 0.0, 0.0, 0.125, 0.125
40.476634, OPEN_LOOP, 0.0, 0.0, 0.0, 0.0, 0.0, 0.0, 0.0, 0.0, 7.460000038146973, 0.0, 0.0, 0.0, 0.0, 0.0, 0.0, 0.0, 0.0, 0.0, 0.0, 0.0, 0.0, 0.125, 0.125
40.495954, OPEN_LOOP, 0.0, 0.0, 0.0, 0.0, 0.0, 0.0, 0.0, 0.0, 7.460000038146973, 0.0, 0.0, 0.0, 0.0, 0.0, 0.0, 0.0, 0.0, 0.0, 0.0, 0.0, 0.0, 0.125, 0.125
40.516664999999996, OPEN_LOOP, 0.0, 0.0, 0.0, 0.0, 0.0, 0.0, 0.0, 0.0, 7.460000038146973, 0.0, 0.0, 0.0, 0.0, 0.0, 0.0, 0.0, 0.0, 0.0, 0.0, 0.0, 0.0, 0.125, 0.125
40.536129, OPEN_LOOP, 0.0, 0.0, 0.0, 0.0, 0.0, 0.0, 0.0, 0.0, 7.460000038146973, 0.0, 0.0, 0.0, 0.0, 0.0, 0.0, 0.0, 0.0, 0.0, 0.0, 0.0, 0.0, 0.125, 0.125
40.556127, OPEN_LOOP, 0.0, 0.0, 0.0, 0.0, 0.0, 0.0, 0.0, 0.0, 7.460000038146973, 0.0, 0.0, 0.0, 0.0, 0.0, 0.0, 0.0, 0.0, 0.0, 0.0, 0.0, 0.0, 0.125, 0.125
40.57525, OPEN_LOOP, 0.0, 0.0, 0.0, 0.0, 0.0, 0.0, 0.0, 0.0, 7.460000038146973, 0.0, 0.0, 0.0, 0.0, 0.0, 0.0, 0.0, 0.0, 0.0, 0.0, 0.0, 0.0, 0.125, 0.125
40.595389, OPEN_LOOP, 0.0, 0.0, 0.0, 0.0, 0.0, 0.0, 0.0, 0.0, 7.460000038146973, 0.0, 0.0, 0.0, 0.0, 0.0, 0.0, 0.0, 0.0, 0.0, 0.0, 0.0, 0.0, 0.125, 0.125
40.615305, OPEN_LOOP, 0.0, 0.0, 0.0, 0.0, 0.0, 0.0, 0.0, 0.0, 7.460000038146973, 0.0, 0.0, 0.0, 0.0, 0.0, 0.0, 0.0, 0.0, 0.0, 0.0, 0.0, 0.0, 0.125, 0.125
40.635379, OPEN_LOOP, 0.0, 0.0, 0.0, 0.0, 0.0, 0.0, 0.0, 0.0, 7.460000038146973, 0.0, 0.0, 0.0, 0.0, 0.0, 0.0, 0.0, 0.0, 0.0, 0.0, 0.0, 0.0, 0.125, 0.125
40.655807, OPEN_LOOP, 0.0, 0.0, 0.0, 0.0, 0.0, 0.0, 0.0, 0.0, 7.460000038146973, 0.0, 0.0, 0.0, 0.0, 0.0, 0.0, 0.0, 0.0, 0.0, 0.0, 0.0, 0.0, 0.125, 0.125
40.675508, OPEN_LOOP, 0.0, 0.0, 0.0, 0.0, 0.0, 0.0, 0.0, 0.0, 7.460000038146973, 0.0, 0.0, 0.0, 0.0, 0.0, 0.0, 0.0, 0.0, 0.0, 0.0, 0.0, 0.0, 0.125, 0.125
40.696155, OPEN_LOOP, 0.0, 0.0, 0.0, 0.0, 0.0, 0.0, 0.0, 0.0, 7.46999979019165, 0.0, 0.0, 0.0, 0.0, 0.0, 0.0, 0.0, 0.0, 0.0, 0.0, 0.0, 0.0, 0.125, 0.125
40.715711, OPEN_LOOP, 0.0, 0.0, 0.0, 0.0, 0.0, 0.0, 0.0, 0.0, 7.46999979019165, 0.0, 0.0, 0.0, 0.0, 0.0, 0.0, 0.0, 0.0, 0.0, 0.0, 0.0, 0.0, 0.125, 0.125
40.735792, OPEN_LOOP, 0.0, 0.0, 0.0, 0.0, 0.0, 0.0, 0.0, 0.0, 7.46999979019165, 0.0, 0.0, 0.0, 0.0, 0.0, 0.0, 0.0, 0.0, 0.0, 0.0, 0.0, 0.0, 0.125, 0.125
40.755660999999996, OPEN_LOOP, 0.0, 0.0, 0.0, 0.0, 0.0, 0.0, 0.0, 0.0, 7.46999979019165, 0.0, 0.0, 0.0, 0.0, 0.0, 0.0, 0.0, 0.0, 0.0, 0.0, 0.0, 0.0, 0.125, 0.125
40.775519, OPEN_LOOP, 0.0, 0.0, 0.0, 0.0, 0.0, 0.0, 0.0, 0.0, 7.46999979019165, 0.0, 0.0, 0.0, 0.0, 0.0, 0.0, 0.0, 0.0, 0.0, 0.0, 0.0, 0.0, 0.125, 0.125
40.795619, OPEN_LOOP, 0.0, 0.0, 0.0, 0.0, 0.0, 0.0, 0.0, 0.0, 7.46999979019165, 0.0, 0.0, 0.0, 0.0, 0.0, 0.0, 0.0, 0.0, 0.0, 0.0, 0.0, 0.0, 0.125, 0.125
40.815259, OPEN_LOOP, 0.0, 0.0, 0.0, 0.0, 0.0, 0.0, 0.0, 0.0, 7.46999979019165, 0.0, 0.0, 0.0, 0.0, 0.0, 0.0, 0.0, 0.0, 0.0, 0.0, 0.0, 0.0, 0.125, 0.125
40.835396, OPEN_LOOP, 0.0, 0.0, 0.0, 0.0, 0.0, 0.0, 0.0, 0.0, 7.46999979019165, 0.0, 0.0, 0.0, 0.0, 0.0, 0.0, 0.0, 0.0, 0.0, 0.0, 0.0, 0.0, 0.125, 0.125
40.855606, OPEN_LOOP, 0.0, 0.0, 0.0, 0.0, 0.0, 0.0, 0.0, 0.0, 7.46999979019165, 0.0, 0.0, 0.0, 0.0, 0.0, 0.0, 0.0, 0.0, 0.0, 0.0, 0.0, 0.0, 0.125, 0.125
40.876205999999996, OPEN_LOOP, 0.0, 0.0, 0.0, 0.0, 0.0, 0.0, 0.0, 0.0, 7.46999979019165, 0.0, 0.0, 0.0, 0.0, 0.0, 0.0, 0.0, 0.0, 0.0, 0.0, 0.0, 0.0, 0.125, 0.125
40.895806, OPEN_LOOP, 0.0, 0.0, 0.0, 0.0, 0.0, 0.0, 0.0, 0.0, 7.46999979019165, 0.0, 0.0, 0.0, 0.0, 0.0, 0.0, 0.0, 0.0, 0.0, 0.0, 0.0, 0.0, 0.125, 0.125
40.917008, OPEN_LOOP, 0.0, 0.0, 0.0, 0.0, 0.0, 0.0, 0.0, 0.0, 7.46999979019165, 0.0, 0.0, 0.0, 0.0, 0.0, 0.0, 0.0, 0.0, 0.0, 0.0, 0.0, 0.0, 0.125, 0.125
40.935411, OPEN_LOOP, 0.0, 0.0, 0.0, 0.0, 0.0, 0.0, 0.0, 0.0, 7.480000019073486, 0.0, 0.0, 0.0, 0.0, 0.0, 0.0, 0.0, 0.0, 0.0, 0.0, 0.0, 0.0, 0.125, 0.125
40.955142, OPEN_LOOP, 0.0, 0.0, 0.0, 0.0, 0.0, 0.0, 0.0, 0.0, 7.480000019073486, 0.0, 0.0, 0.0, 0.0, 0.0, 0.0, 0.0, 0.0, 0.0, 0.0, 0.0, 0.0, 0.125, 0.125
40.975468, OPEN_LOOP, 0.0, 0.0, 0.0, 0.0, 0.0, 0.0, 0.0, 0.0, 7.480000019073486, 0.0, 0.0, 0.0, 0.0, 0.0, 0.0, 0.0, 0.0, 0.0, 0.0, 0.0, 0.0, 0.125, 0.125
40.995519, OPEN_LOOP, 0.0, 0.0, 0.0, 0.0, 0.0, 0.0, 0.0, 0.0, 7.480000019073486, 0.0, 0.0, 0.0, 0.0, 0.0, 0.0, 0.0, 0.0, 0.0, 0.0, 0.0, 0.0, 0.125, 0.125
41.015185, OPEN_LOOP, 0.0, 0.0, 0.0, 0.0, 0.0, 0.0, 0.0, 0.0, 7.480000019073486, 0.0, 0.0, 0.0, 0.0, 0.0, 0.0, 0.0, 0.0, 0.0, 0.0, 0.0, 0.0, 0.125, 0.125
41.035398, OPEN_LOOP, 0.0, 0.0, 0.0, 0.0, 0.0, 0.0, 0.0, 0.0, 7.480000019073486, 0.0, 0.0, 0.0, 0.0, 0.0, 0.0, 0.0, 0.0, 0.0, 0.0, 0.0, 0.0, 0.125, 0.125
41.054853, OPEN_LOOP, 0.0, 0.0, 0.0, 0.0, 0.0, 0.0, 0.0, 0.0, 7.480000019073486, 0.0, 0.0, 0.0, 0.0, 0.0, 0.0, 0.0, 0.0, 0.0, 0.0, 0.0, 0.0, 0.125, 0.125
41.075438, OPEN_LOOP, 0.0, 0.0, 0.0, 0.0, 0.0, 0.0, 0.0, 0.0, 7.480000019073486, 0.0, 0.0, 0.0, 0.0, 0.0, 0.0, 0.0, 0.0, 0.0, 0.0, 0.0, 0.0, 0.125, 0.125
41.095586, OPEN_LOOP, 0.0, 0.0, 0.0, 0.0, 0.0, 0.0, 0.0, 0.0, 7.480000019073486, 0.0, 0.0, 0.0, 0.0, 0.0, 0.0, 0.0, 0.0, 0.0, 0.0, 0.0, 0.0, 0.125, 0.125
41.115094, OPEN_LOOP, 0.0, 0.0, 0.0, 0.0, 0.0, 0.0, 0.0, 0.0, 7.480000019073486, 0.0, 0.0, 0.0, 0.0, 0.0, 0.0, 0.0, 0.0, 0.0, 0.0, 0.0, 0.0, 0.125, 0.125
41.136644, OPEN_LOOP, 0.0, 0.0, 0.0, 0.0, 0.0, 0.0, 0.0, 0.0, 7.480000019073486, 0.0, 0.0, 0.0, 0.0, 0.0, 0.0, 0.0, 0.0, 0.0, 0.0, 0.0, 0.0, 0.125, 0.125
41.155468, OPEN_LOOP, 0.0, 0.0, 0.0, 0.0, 0.0, 0.0, 0.0, 0.0, 7.480000019073486, 0.0, 0.0, 0.0, 0.0, 0.0, 0.0, 0.0, 0.0, 0.0, 0.0, 0.0, 0.0, 0.125, 0.125
41.176046, OPEN_LOOP, 0.0, 0.0, 0.0, 0.0, 0.0, 0.0, 0.0, 0.0, 7.480000019073486, 0.0, 0.0, 0.0, 0.0, 0.0, 0.0, 0.0, 0.0, 0.0, 0.0, 0.0, 0.0, 0.125, 0.125
41.2, OPEN_LOOP, 0.0, 0.0, 0.0, 0.0, 0.0, 0.0, 0.0, 0.0, 7.480000019073486, 0.0, 0.0, 0.0, 0.0, 0.0, 0.0, 0.0, 0.0, 0.0, 0.0, 0.0, 0.0, 0.125, 0.125
41.215749, OPEN_LOOP, 0.0, 0.0, 0.0, 0.0, 0.0, 0.0, 0.0, 0.0, 7.480000019073486, 0.0, 0.0, 0.0, 0.0, 0.0, 0.0, 0.0, 0.0, 0.0, 0.0, 0.0, 0.0, 0.125, 0.125
41.235566999999996, OPEN_LOOP, 0.0, 0.0, 0.0, 0.0, 0.0, 0.0, 0.0, 0.0, 7.480000019073486, 0.0, 0.0, 0.0, 0.0, 0.0, 0.0, 0.0, 0.0, 0.0, 0.0, 0.0, 0.0, 0.125, 0.125
41.256009, OPEN_LOOP, 0.0, 0.0, 0.0, 0.0, 0.0, 0.0, 0.0, 0.0, 7.480000019073486, 0.0, 0.0, 0.0, 0.0, 0.0, 0.0, 0.0, 0.0, 0.0, 0.0, 0.0, 0.0, 0.125, 0.125
41.27585, OPEN_LOOP, 0.0, 0.0, 0.0, 0.0, 0.0, 0.0, 0.0, 0.0, 7.480000019073486, 0.0, 0.0, 0.0, 0.0, 0.0, 0.0, 0.0, 0.0, 0.0, 0.0, 0.0, 0.0, 0.125, 0.125
41.296217, OPEN_LOOP, 0.0, 0.0, 0.0, 0.0, 0.0, 0.0, 0.0, 0.0, 7.480000019073486, 0.0, 0.0, 0.0, 0.0, 0.0, 0.0, 0.0, 0.0, 0.0, 0.0, 0.0, 0.0, 0.125, 0.125
41.316276, OPEN_LOOP, 0.0, 0.0, 0.0, 0.0, 0.0, 0.0, 0.0, 0.0, 7.489999771118164, 0.0, 0.0, 0.0, 0.0, 0.0, 0.0, 0.0, 0.0, 0.0, 0.0, 0.0, 0.0, 0.125, 0.125
41.334787999999996, OPEN_LOOP, 0.0, 0.0, 0.0, 0.0, 0.0, 0.0, 0.0, 0.0, 7.489999771118164, 0.0, 0.0, 0.0, 0.0, 0.0, 0.0, 0.0, 0.0, 0.0, 0.0, 0.0, 0.0, 0.125, 0.125
41.354518, OPEN_LOOP, 0.0, 0.0, 0.0, 0.0, 0.0, 0.0, 0.0, 0.0, 7.489999771118164, 0.0, 0.0, 0.0, 0.0, 0.0, 0.0, 0.0, 0.0, 0.0, 0.0, 0.0, 0.0, 0.125, 0.125
41.375582, OPEN_LOOP, 0.0, 0.0, 0.0, 0.0, 0.0, 0.0, 0.0, 0.0, 7.489999771118164, 0.0, 0.0, 0.0, 0.0, 0.0, 0.0, 0.0, 0.0, 0.0, 0.0, 0.0, 0.0, 0.125, 0.125
41.39459, OPEN_LOOP, 0.0, 0.0, 0.0, 0.0, 0.0, 0.0, 0.0, 0.0, 7.489999771118164, 0.0, 0.0, 0.0, 0.0, 0.0, 0.0, 0.0, 0.0, 0.0, 0.0, 0.0, 0.0, 0.125, 0.125
41.41502, OPEN_LOOP, 0.0, 0.0, 0.0, 0.0, 0.0, 0.0, 0.0, 0.0, 7.489999771118164, 0.0, 0.0, 0.0, 0.0, 0.0, 0.0, 0.0, 0.0, 0.0, 0.0, 0.0, 0.0, 0.125, 0.125
41.435278, OPEN_LOOP, 0.0, 0.0, 0.0, 0.0, 0.0, 0.0, 0.0, 0.0, 7.489999771118164, 0.0, 0.0, 0.0, 0.0, 0.0, 0.0, 0.0, 0.0, 0.0, 0.0, 0.0, 0.0, 0.125, 0.125
41.456291, OPEN_LOOP, 0.0, 0.0, 0.0, 0.0, 0.0, 0.0, 0.0, 0.0, 7.489999771118164, 0.0, 0.0, 0.0, 0.0, 0.0, 0.0, 0.0, 0.0, 0.0, 0.0, 0.0, 0.0, 0.125, 0.125
41.475662, OPEN_LOOP, 0.0, 0.0, 0.0, 0.0, 0.0, 0.0, 0.0, 0.0, 7.489999771118164, 0.0, 0.0, 0.0, 0.0, 0.0, 0.0, 0.0, 0.0, 0.0, 0.0, 0.0, 0.0, 0.125, 0.125
41.495401, OPEN_LOOP, 0.0, 0.0, 0.0, 0.0, 0.0, 0.0, 0.0, 0.0, 7.489999771118164, 0.0, 0.0, 0.0, 0.0, 0.0, 0.0, 0.0, 0.0, 0.0, 0.0, 0.0, 0.0, 0.125, 0.125
41.515191, OPEN_LOOP, 0.0, 0.0, 0.0, 0.0, 0.0, 0.0, 0.0, 0.0, 7.489999771118164, 0.0, 0.0, 0.0, 0.0, 0.0, 0.0, 0.0, 0.0, 0.0, 0.0, 0.0, 0.0, 0.125, 0.125
41.535292, OPEN_LOOP, 0.0, 0.0, 0.0, 0.0, 0.0, 0.0, 0.0, 0.0, 7.489999771118164, 0.0, 0.0, 0.0, 0.0, 0.0, 0.0, 0.0, 0.0, 0.0, 0.0, 0.0, 0.0, 0.125, 0.125
41.555706, OPEN_LOOP, 0.0, 0.0, 0.0, 0.0, 0.0, 0.0, 0.0, 0.0, 7.489999771118164, 0.0, 0.0, 0.0, 0.0, 0.0, 0.0, 0.0, 0.0, 0.0, 0.0, 0.0, 0.0, 0.125, 0.125
41.575312, OPEN_LOOP, 0.0, 0.0, 0.0, 0.0, 0.0, 0.0, 0.0, 0.0, 7.489999771118164, 0.0, 0.0, 0.0, 0.0, 0.0, 0.0, 0.0, 0.0, 0.0, 0.0, 0.0, 0.0, 0.125, 0.125
41.595777, OPEN_LOOP, 0.0, 0.0, 0.0, 0.0, 0.0, 0.0, 0.0, 0.0, 7.489999771118164, 0.0, 0.0, 0.0, 0.0, 0.0, 0.0, 0.0, 0.0, 0.0, 0.0, 0.0, 0.0, 0.125, 0.125
41.615804, OPEN_LOOP, 0.0, 0.0, 0.0, 0.0, 0.0, 0.0, 0.0, 0.0, 7.489999771118164, 0.0, 0.0, 0.0, 0.0, 0.0, 0.0, 0.0, 0.0, 0.0, 0.0, 0.0, 0.0, 0.125, 0.125
41.636166, OPEN_LOOP, 0.0, 0.0, 0.0, 0.0, 0.0, 0.0, 0.0, 0.0, 7.489999771118164, 0.0, 0.0, 0.0, 0.0, 0.0, 0.0, 0.0, 0.0, 0.0, 0.0, 0.0, 0.0, 0.125, 0.125
41.656893, OPEN_LOOP, 0.0, 0.0, 0.0, 0.0, 0.0, 0.0, 0.0, 0.0, 7.5, 0.0, 0.0, 0.0, 0.0, 0.0, 0.0, 0.0, 0.0, 0.0, 0.0, 0.0, 0.0, 0.125, 0.125
41.675956, OPEN_LOOP, 0.0, 0.0, 0.0, 0.0, 0.0, 0.0, 0.0, 0.0, 7.5, 0.0, 0.0, 0.0, 0.0, 0.0, 0.0, 0.0, 0.0, 0.0, 0.0, 0.0, 0.0, 0.125, 0.125
41.69499, OPEN_LOOP, 0.0, 0.0, 0.0, 0.0, 0.0, 0.0, 0.0, 0.0, 7.5, 0.0, 0.0, 0.0, 0.0, 0.0, 0.0, 0.0, 0.0, 0.0, 0.0, 0.0, 0.0, 0.125, 0.125
41.715136, OPEN_LOOP, 0.0, 0.0, 0.0, 0.0, 0.0, 0.0, 0.0, 0.0, 7.5, 0.0, 0.0, 0.0, 0.0, 0.0, 0.0, 0.0, 0.0, 0.0, 0.0, 0.0, 0.0, 0.125, 0.125
41.734696, OPEN_LOOP, 0.0, 0.0, 0.0, 0.0, 0.0, 0.0, 0.0, 0.0, 7.5, 0.0, 0.0, 0.0, 0.0, 0.0, 0.0, 0.0, 0.0, 0.0, 0.0, 0.0, 0.0, 0.125, 0.125
41.754654, OPEN_LOOP, 0.0, 0.0, 0.0, 0.0, 0.0, 0.0, 0.0, 0.0, 7.5, 0.0, 0.0, 0.0, 0.0, 0.0, 0.0, 0.0, 0.0, 0.0, 0.0, 0.0, 0.0, 0.125, 0.125
41.775569, OPEN_LOOP, 0.0, 0.0, 0.0, 0.0, 0.0, 0.0, 0.0, 0.0, 7.5, 0.0, 0.0, 0.0, 0.0, 0.0, 0.0, 0.0, 0.0, 0.0, 0.0, 0.0, 0.0, 0.125, 0.125
41.795080999999996, OPEN_LOOP, 0.0, 0.0, 0.0, 0.0, 0.0, 0.0, 0.0, 0.0, 7.5, 0.0, 0.0, 0.0, 0.0, 0.0, 0.0, 0.0, 0.0, 0.0, 0.0, 0.0, 0.0, 0.125, 0.125
41.814842, OPEN_LOOP, 0.0, 0.0, 0.0, 0.0, 0.0, 0.0, 0.0, 0.0, 7.5, 0.0, 0.0, 0.0, 0.0, 0.0, 0.0, 0.0, 0.0, 0.0, 0.0, 0.0, 0.0, 0.125, 0.125
41.83538, OPEN_LOOP, 0.0, 0.0, 0.0, 0.0, 0.0, 0.0, 0.0, 0.0, 7.5, 0.0, 0.0, 0.0, 0.0, 0.0, 0.0, 0.0, 0.0, 0.0, 0.0, 0.0, 0.0, 0.125, 0.125
41.859532, OPEN_LOOP, 0.0, 0.0, 0.0, 0.0, 0.0, 0.0, 0.0, 0.0, 7.5, 0.0, 0.0, 0.0, 0.0, 0.0, 0.0, 0.0, 0.0, 0.0, 0.0, 0.0, 0.0, 0.125, 0.125
41.878689, OPEN_LOOP, 0.0, 0.0, 0.0, 0.0, 0.0, 0.0, 0.0, 0.0, 7.5, 0.0, 0.0, 0.0, 0.0, 0.0, 0.0, 0.0, 0.0, 0.0, 0.0, 0.0, 0.0, 0.125, 0.125
41.904447, OPEN_LOOP, 0.0, 0.0, 0.0, 0.0, 0.0, 0.0, 0.0, 0.0, 7.5, 0.0, 0.0, 0.0, 0.0, 0.0, 0.0, 0.0, 0.0, 0.0, 0.0, 0.0, 0.0, 0.125, 0.125
41.966861, OPEN_LOOP, 0.0, 0.0, 0.0, 0.0, 0.0, 0.0, 0.0, 0.0, 7.5, 0.0, 0.0, 0.0, 0.0, 0.0, 0.0, 0.0, 0.0, 0.0, 0.0, 0.0, 0.0, 0.125, 0.125
42.015188, OPEN_LOOP, 0.0, 0.0, 0.0, 0.0, 0.0, 0.0, 0.0, 0.0, 7.5, 0.0, 0.0, 0.0, 0.0, 0.0, 0.0, 0.0, 0.0, 0.0, 0.0, 0.0, 0.0, 0.125, 0.125
42.034977, OPEN_LOOP, 0.0, 0.0, 0.0, 0.0, 0.0, 0.0, 0.0, 0.0, 7.5, 0.0, 0.0, 0.0, 0.0, 0.0, 0.0, 0.0, 0.0, 0.0, 0.0, 0.0, 0.0, 0.125, 0.125
42.055027, OPEN_LOOP, 0.0, 0.0, 0.0, 0.0, 0.0, 0.0, 0.0, 0.0, 7.5, 0.0, 0.0, 0.0, 0.0, 0.0, 0.0, 0.0, 0.0, 0.0, 0.0, 0.0, 0.0, 0.125, 0.125
42.075272, OPEN_LOOP, 0.0, 0.0, 0.0, 0.0, 0.0, 0.0, 0.0, 0.0, 7.5, 0.0, 0.0, 0.0, 0.0, 0.0, 0.0, 0.0, 0.0, 0.0, 0.0, 0.0, 0.0, 0.125, 0.125
42.09407, OPEN_LOOP, 0.0, 0.0, 0.0, 0.0, 0.0, 0.0, 0.0, 0.0, 7.5, 0.0, 0.0, 0.0, 0.0, 0.0, 0.0, 0.0, 0.0, 0.0, 0.0, 0.0, 0.0, 0.125, 0.125
42.114415, OPEN_LOOP, 0.0, 0.0, 0.0, 0.0, 0.0, 0.0, 0.0, 0.0, 7.5, 0.0, 0.0, 0.0, 0.0, 0.0, 0.0, 0.0, 0.0, 0.0, 0.0, 0.0, 0.0, 0.125, 0.125
42.134577, OPEN_LOOP, 0.0, 0.0, 0.0, 0.0, 0.0, 0.0, 0.0, 0.0, 7.5, 0.0, 0.0, 0.0, 0.0, 0.0, 0.0, 0.0, 0.0, 0.0, 0.0, 0.0, 0.0, 0.125, 0.125
42.154702, OPEN_LOOP, 0.0, 0.0, 0.0, 0.0, 0.0, 0.0, 0.0, 0.0, 7.5, 0.0, 0.0, 0.0, 0.0, 0.0, 0.0, 0.0, 0.0, 0.0, 0.0, 0.0, 0.0, 0.125, 0.125
42.175064, OPEN_LOOP, 0.0, 0.0, 0.0, 0.0, 0.0, 0.0, 0.0, 0.0, 7.5, 0.0, 0.0, 0.0, 0.0, 0.0, 0.0, 0.0, 0.0, 0.0, 0.0, 0.0, 0.0, 0.125, 0.125
42.194907, OPEN_LOOP, 0.0, 0.0, 0.0, 0.0, 0.0, 0.0, 0.0, 0.0, 7.5, 0.0, 0.0, 0.0, 0.0, 0.0, 0.0, 0.0, 0.0, 0.0, 0.0, 0.0, 0.0, 0.125, 0.125
42.21537, OPEN_LOOP, 0.0, 0.0, 0.0, 0.0, 0.0, 0.0, 0.0, 0.0, 7.5, 0.0, 0.0, 0.0, 0.0, 0.0, 0.0, 0.0, 0.0, 0.0, 0.0, 0.0, 0.0, 0.125, 0.125
42.23551, OPEN_LOOP, 0.0, 0.0, 0.0, 0.0, 0.0, 0.0, 0.0, 0.0, 7.5, 0.0, 0.0, 0.0, 0.0, 0.0, 0.0, 0.0, 0.0, 0.0, 0.0, 0.0, 0.0, 0.125, 0.125
42.255878, OPEN_LOOP, 0.0, 0.0, 0.0, 0.0, 0.0, 0.0, 0.0, 0.0, 7.5, 0.0, 0.0, 0.0, 0.0, 0.0, 0.0, 0.0, 0.0, 0.0, 0.0, 0.0, 0.0, 0.125, 0.125
42.276543, OPEN_LOOP, 0.0, 0.0, 0.0, 0.0, 0.0, 0.0, 0.0, 0.0, 7.5, 0.0, 0.0, 0.0, 0.0, 0.0, 0.0, 0.0, 0.0, 0.0, 0.0, 0.0, 0.0, 0.125, 0.125
42.294994, OPEN_LOOP, 0.0, 0.0, 0.0, 0.0, 0.0, 0.0, 0.0, 0.0, 7.5, 0.0, 0.0, 0.0, 0.0, 0.0, 0.0, 0.0, 0.0, 0.0, 0.0, 0.0, 0.0, 0.125, 0.125
42.315257, OPEN_LOOP, 0.0, 0.0, 0.0, 0.0, 0.0, 0.0, 0.0, 0.0, 7.5, 0.0, 0.0, 0.0, 0.0, 0.0, 0.0, 0.0, 0.0, 0.0, 0.0, 0.0, 0.0, 0.125, 0.125
42.336692, OPEN_LOOP, 0.0, 0.0, 0.0, 0.0, 0.0, 0.0, 0.0, 0.0, 7.5, 0.0, 0.0, 0.0, 0.0, 0.0, 0.0, 0.0, 0.0, 0.0, 0.0, 0.0, 0.0, 0.125, 0.125
42.355203, OPEN_LOOP, 0.0, 0.0, 0.0, 0.0, 0.0, 0.0, 0.0, 0.0, 7.5, 0.0, 0.0, 0.0, 0.0, 0.0, 0.0, 0.0, 0.0, 0.0, 0.0, 0.0, 0.0, 0.125, 0.125
42.376265, OPEN_LOOP, 0.0, 0.0, 0.0, 0.0, 0.0, 0.0, 0.0, 0.0, 7.5, 0.0, 0.0, 0.0, 0.0, 0.0, 0.0, 0.0, 0.0, 0.0, 0.0, 0.0, 0.0, 0.125, 0.125
42.395043, OPEN_LOOP, 0.0, 0.0, 0.0, 0.0, 0.0, 0.0, 0.0, 0.0, 7.510000228881836, 0.0, 0.0, 0.0, 0.0, 0.0, 0.0, 0.0, 0.0, 0.0, 0.0, 0.0, 0.0, 0.125, 0.125
42.415919, OPEN_LOOP, 0.0, 0.0, 0.0, 0.0, 0.0, 0.0, 0.0, 0.0, 7.510000228881836, 0.0, 0.0, 0.0, 0.0, 0.0, 0.0, 0.0, 0.0, 0.0, 0.0, 0.0, 0.0, 0.125, 0.125
42.435766, OPEN_LOOP, 0.0, 0.0, 0.0, 0.0, 0.0, 0.0, 0.0, 0.0, 7.5, 0.0, 0.0, 0.0, 0.0, 0.0, 0.0, 0.0, 0.0, 0.0, 0.0, 0.0, 0.0, 0.125, 0.125
42.456542999999996, OPEN_LOOP, 0.0, 0.0, 0.0, 0.0, 0.0, 0.0, 0.0, 0.0, 7.5, 0.0, 0.0, 0.0, 0.0, 0.0, 0.0, 0.0, 0.0, 0.0, 0.0, 0.0, 0.0, 0.125, 0.125
42.475508, OPEN_LOOP, 0.0, 0.0, 0.0, 0.0, 0.0, 0.0, 0.0, 0.0, 7.5, 0.0, 0.0, 0.0, 0.0, 0.0, 0.0, 0.0, 0.0, 0.0, 0.0, 0.0, 0.0, 0.125, 0.125
42.495085, OPEN_LOOP, 0.0, 0.0, 0.0, 0.0, 0.0, 0.0, 0.0, 0.0, 7.5, 0.0, 0.0, 0.0, 0.0, 0.0, 0.0, 0.0, 0.0, 0.0, 0.0, 0.0, 0.0, 0.125, 0.125
42.514526, OPEN_LOOP, 0.0, 0.0, 0.0, 0.0, 0.0, 0.0, 0.0, 0.0, 7.5, 0.0, 0.0, 0.0, 0.0, 0.0, 0.0, 0.0, 0.0, 0.0, 0.0, 0.0, 0.0, 0.125, 0.125
42.534642, OPEN_LOOP, 0.0, 0.0, 0.0, 0.0, 0.0, 0.0, 0.0, 0.0, 7.5, 0.0, 0.0, 0.0, 0.0, 0.0, 0.0, 0.0, 0.0, 0.0, 0.0, 0.0, 0.0, 0.125, 0.125
42.554975999999996, OPEN_LOOP, 0.0, 0.0, 0.0, 0.0, 0.0, 0.0, 0.0, 0.0, 7.5, 0.0, 0.0, 0.0, 0.0, 0.0, 0.0, 0.0, 0.0, 0.0, 0.0, 0.0, 0.0, 0.125, 0.125
42.57559, OPEN_LOOP, 0.0, 0.0, 0.0, 0.0, 0.0, 0.0, 0.0, 0.0, 7.5, 0.0, 0.0, 0.0, 0.0, 0.0, 0.0, 0.0, 0.0, 0.0, 0.0, 0.0, 0.0, 0.125, 0.125
42.594663, OPEN_LOOP, 0.0, 0.0, 0.0, 0.0, 0.0, 0.0, 0.0, 0.0, 7.510000228881836, 0.0, 0.0, 0.0, 0.0, 0.0, 0.0, 0.0, 0.0, 0.0, 0.0, 0.0, 0.0, 0.125, 0.125
42.615103, OPEN_LOOP, 0.0, 0.0, 0.0, 0.0, 0.0, 0.0, 0.0, 0.0, 7.5, 0.0, 0.0, 0.0, 0.0, 0.0, 0.0, 0.0, 0.0, 0.0, 0.0, 0.0, 0.0, 0.125, 0.125
42.635293, OPEN_LOOP, 0.0, 0.0, 0.0, 0.0, 0.0, 0.0, 0.0, 0.0, 7.5, 0.0, 0.0, 0.0, 0.0, 0.0, 0.0, 0.0, 0.0, 0.0, 0.0, 0.0, 0.0, 0.125, 0.125
42.655376, OPEN_LOOP, 0.0, 0.0, 0.0, 0.0, 0.0, 0.0, 0.0, 0.0, 7.5, 0.0, 0.0, 0.0, 0.0, 0.0, 0.0, 0.0, 0.0, 0.0, 0.0, 0.0, 0.0, 0.125, 0.125
42.675057, OPEN_LOOP, 0.0, 0.0, 0.0, 0.0, 0.0, 0.0, 0.0, 0.0, 7.5, 0.0, 0.0, 0.0, 0.0, 0.0, 0.0, 0.0, 0.0, 0.0, 0.0, 0.0, 0.0, 0.125, 0.125
42.694787, OPEN_LOOP, 0.0, 0.0, 0.0, 0.0, 0.0, 0.0, 0.0, 0.0, 7.5, 0.0, 0.0, 0.0, 0.0, 0.0, 0.0, 0.0, 0.0, 0.0, 0.0, 0.0, 0.0, 0.125, 0.125
42.715663, OPEN_LOOP, 0.0, 0.0, 0.0, 0.0, 0.0, 0.0, 0.0, 0.0, 7.5, 0.0, 0.0, 0.0, 0.0, 0.0, 0.0, 0.0, 0.0, 0.0, 0.0, 0.0, 0.0, 0.125, 0.125
42.735215, OPEN_LOOP, 0.0, 0.0, 0.0, 0.0, 0.0, 0.0, 0.0, 0.0, 7.5, 0.0, 0.0, 0.0, 0.0, 0.0, 0.0, 0.0, 0.0, 0.0, 0.0, 0.0, 0.0, 0.125, 0.125
42.755226, OPEN_LOOP, 0.0, 0.0, 0.0, 0.0, 0.0, 0.0, 0.0, 0.0, 7.5, 0.0, 0.0, 0.0, 0.0, 0.0, 0.0, 0.0, 0.0, 0.0, 0.0, 0.0, 0.0, 0.125, 0.125
42.775491, OPEN_LOOP, 0.0, 0.0, 0.0, 0.0, 0.0, 0.0, 0.0, 0.0, 7.5, 0.0, 0.0, 0.0, 0.0, 0.0, 0.0, 0.0, 0.0, 0.0, 0.0, 0.0, 0.0, 0.125, 0.125
42.794959, OPEN_LOOP, 0.0, 0.0, 0.0, 0.0, 0.0, 0.0, 0.0, 0.0, 7.5, 0.0, 0.0, 0.0, 0.0, 0.0, 0.0, 0.0, 0.0, 0.0, 0.0, 0.0, 0.0, 0.125, 0.125
42.814785, OPEN_LOOP, 0.0, 0.0, 0.0, 0.0, 0.0, 0.0, 0.0, 0.0, 7.5, 0.0, 0.0, 0.0, 0.0, 0.0, 0.0, 0.0, 0.0, 0.0, 0.0, 0.0, 0.0, 0.125, 0.125
42.835271, OPEN_LOOP, 0.0, 0.0, 0.0, 0.0, 0.0, 0.0, 0.0, 0.0, 7.5, 0.0, 0.0, 0.0, 0.0, 0.0, 0.0, 0.0, 0.0, 0.0, 0.0, 0.0, 0.0, 0.125, 0.125
42.85493, OPEN_LOOP, 0.0, 0.0, 0.0, 0.0, 0.0, 0.0, 0.0, 0.0, 7.5, 0.0, 0.0, 0.0, 0.0, 0.0, 0.0, 0.0, 0.0, 0.0, 0.0, 0.0, 0.0, 0.125, 0.125
42.876641, OPEN_LOOP, 0.0, 0.0, 0.0, 0.0, 0.0, 0.0, 0.0, 0.0, 7.5, 0.0, 0.0, 0.0, 0.0, 0.0, 0.0, 0.0, 0.0, 0.0, 0.0, 0.0, 0.0, 0.125, 0.125
42.894466, OPEN_LOOP, 0.0, 0.0, 0.0, 0.0, 0.0, 0.0, 0.0, 0.0, 7.5, 0.0, 0.0, 0.0, 0.0, 0.0, 0.0, 0.0, 0.0, 0.0, 0.0, 0.0, 0.0, 0.125, 0.125
42.914312, OPEN_LOOP, 0.0, 0.0, 0.0, 0.0, 0.0, 0.0, 0.0, 0.0, 7.5, 0.0, 0.0, 0.0, 0.0, 0.0, 0.0, 0.0, 0.0, 0.0, 0.0, 0.0, 0.0, 0.125, 0.125
42.935061, OPEN_LOOP, 0.0, 0.0, 0.0, 0.0, 0.0, 0.0, 0.0, 0.0, 7.5, 0.0, 0.0, 0.0, 0.0, 0.0, 0.0, 0.0, 0.0, 0.0, 0.0, 0.0, 0.0, 0.125, 0.125
42.955217, OPEN_LOOP, 0.0, 0.0, 0.0, 0.0, 0.0, 0.0, 0.0, 0.0, 7.5, 0.0, 0.0, 0.0, 0.0, 0.0, 0.0, 0.0, 0.0, 0.0, 0.0, 0.0, 0.0, 0.125, 0.125
42.975466, OPEN_LOOP, 0.0, 0.0, 0.0, 0.0, 0.0, 0.0, 0.0, 0.0, 7.5, 0.0, 0.0, 0.0, 0.0, 0.0, 0.0, 0.0, 0.0, 0.0, 0.0, 0.0, 0.0, 0.125, 0.125
42.99579, OPEN_LOOP, 0.0, 0.0, 0.0, 0.0, 0.0, 0.0, 0.0, 0.0, 7.5, 0.0, 0.0, 0.0, 0.0, 0.0, 0.0, 0.0, 0.0, 0.0, 0.0, 0.0, 0.0, 0.125, 0.125
43.015876, OPEN_LOOP, 0.0, 0.0, 0.0, 0.0, 0.0, 0.0, 0.0, 0.0, 7.5, 0.0, 0.0, 0.0, 0.0, 0.0, 0.0, 0.0, 0.0, 0.0, 0.0, 0.0, 0.0, 0.125, 0.125
43.035883, OPEN_LOOP, 0.0, 0.0, 0.0, 0.0, 0.0, 0.0, 0.0, 0.0, 7.5, 0.0, 0.0, 0.0, 0.0, 0.0, 0.0, 0.0, 0.0, 0.0, 0.0, 0.0, 0.0, 0.125, 0.125
43.055154, OPEN_LOOP, 0.0, 0.0, 0.0, 0.0, 0.0, 0.0, 0.0, 0.0, 7.5, 0.0, 0.0, 0.0, 0.0, 0.0, 0.0, 0.0, 0.0, 0.0, 0.0, 0.0, 0.0, 0.125, 0.125
43.074276, OPEN_LOOP, 0.0, 0.0, 0.0, 0.0, 0.0, 0.0, 0.0, 0.0, 7.5, 0.0, 0.0, 0.0, 0.0, 0.0, 0.0, 0.0, 0.0, 0.0, 0.0, 0.0, 0.0, 0.125, 0.125
43.094256, OPEN_LOOP, 0.0, 0.0, 0.0, 0.0, 0.0, 0.0, 0.0, 0.0, 7.5, 0.0, 0.0, 0.0, 0.0, 0.0, 0.0, 0.0, 0.0, 0.0, 0.0, 0.0, 0.0, 0.125, 0.125
43.114864, OPEN_LOOP, 0.0, 0.0, 0.0, 0.0, 0.0, 0.0, 0.0, 0.0, 7.5, 0.0, 0.0, 0.0, 0.0, 0.0, 0.0, 0.0, 0.0, 0.0, 0.0, 0.0, 0.0, 0.125, 0.125
43.134627, OPEN_LOOP, 0.0, 0.0, 0.0, 0.0, 0.0, 0.0, 0.0, 0.0, 7.5, 0.0, 0.0, 0.0, 0.0, 0.0, 0.0, 0.0, 0.0, 0.0, 0.0, 0.0, 0.0, 0.125, 0.125
43.155618, OPEN_LOOP, 0.0, 0.0, 0.0, 0.0, 0.0, 0.0, 0.0, 0.0, 7.5, 0.0, 0.0, 0.0, 0.0, 0.0, 0.0, 0.0, 0.0, 0.0, 0.0, 0.0, 0.0, 0.125, 0.125
43.176199, OPEN_LOOP, 0.0, 0.0, 0.0, 0.0, 0.0, 0.0, 0.0, 0.0, 7.5, 0.0, 0.0, 0.0, 0.0, 0.0, 0.0, 0.0, 0.0, 0.0, 0.0, 0.0, 0.0, 0.125, 0.125
43.194539, OPEN_LOOP, 0.0, 0.0, 0.0, 0.0, 0.0, 0.0, 0.0, 0.0, 7.5, 0.0, 0.0, 0.0, 0.0, 0.0, 0.0, 0.0, 0.0, 0.0, 0.0, 0.0, 0.0, 0.125, 0.125
43.215988, OPEN_LOOP, 0.0, 0.0, 0.0, 0.0, 0.0, 0.0, 0.0, 0.0, 7.5, 0.0, 0.0, 0.0, 0.0, 0.0, 0.0, 0.0, 0.0, 0.0, 0.0, 0.0, 0.0, 0.125, 0.125
43.236143, OPEN_LOOP, 0.0, 0.0, 0.0, 0.0, 0.0, 0.0, 0.0, 0.0, 7.5, 0.0, 0.0, 0.0, 0.0, 0.0, 0.0, 0.0, 0.0, 0.0, 0.0, 0.0, 0.0, 0.125, 0.125
43.259872, OPEN_LOOP, 0.0, 0.0, 0.0, 0.0, 0.0, 0.0, 0.0, 0.0, 7.5, 0.0, 0.0, 0.0, 0.0, 0.0, 0.0, 0.0, 0.0, 0.0, 0.0, 0.0, 0.0, 0.125, 0.125
43.27494, OPEN_LOOP, 0.0, 0.0, 0.0, 0.0, 0.0, 0.0, 0.0, 0.0, 7.5, 0.0, 0.0, 0.0, 0.0, 0.0, 0.0, 0.0, 0.0, 0.0, 0.0, 0.0, 0.0, 0.125, 0.125
43.295603, OPEN_LOOP, 0.0, 0.0, 0.0, 0.0, 0.0, 0.0, 0.0, 0.0, 7.5, 0.0, 0.0, 0.0, 0.0, 0.0, 0.0, 0.0, 0.0, 0.0, 0.0, 0.0, 0.0, 0.125, 0.125
43.315472, OPEN_LOOP, 0.0, 0.0, 0.0, 0.0, 0.0, 0.0, 0.0, 0.0, 7.5, 0.0, 0.0, 0.0, 0.0, 0.0, 0.0, 0.0, 0.0, 0.0, 0.0, 0.0, 0.0, 0.125, 0.125
43.33592, OPEN_LOOP, 0.0, 0.0, 0.0, 0.0, 0.0, 0.0, 0.0, 0.0, 7.5, 0.0, 0.0, 0.0, 0.0, 0.0, 0.0, 0.0, 0.0, 0.0, 0.0, 0.0, 0.0, 0.125, 0.125
43.35438, OPEN_LOOP, 0.0, 0.0, 0.0, 0.0, 0.0, 0.0, 0.0, 0.0, 7.5, 0.0, 0.0, 0.0, 0.0, 0.0, 0.0, 0.0, 0.0, 0.0, 0.0, 0.0, 0.0, 0.125, 0.125
43.375331, OPEN_LOOP, 0.0, 0.0, 0.0, 0.0, 0.0, 0.0, 0.0, 0.0, 7.5, 0.0, 0.0, 0.0, 0.0, 0.0, 0.0, 0.0, 0.0, 0.0, 0.0, 0.0, 0.0, 0.125, 0.125
43.414575, OPEN_LOOP, 0.0, 0.0, 0.0, 0.0, 0.0, 0.0, 0.0, 0.0, 7.5, 0.0, 0.0, 0.0, 0.0, 0.0, 0.0, 0.0, 0.0, 0.0, 0.0, 0.0, 0.0, 0.125, 0.125
43.43556, OPEN_LOOP, 0.0, 0.0, 0.0, 0.0, 0.0, 0.0, 0.0, 0.0, 7.5, 0.0, 0.0, 0.0, 0.0, 0.0, 0.0, 0.0, 0.0, 0.0, 0.0, 0.0, 0.0, 0.125, 0.125
43.455803, OPEN_LOOP, 0.0, 0.0, 0.0, 0.0, 0.0, 0.0, 0.0, 0.0, 7.5, 0.0, 0.0, 0.0, 0.0, 0.0, 0.0, 0.0, 0.0, 0.0, 0.0, 0.0, 0.0, 0.125, 0.125
43.476447, OPEN_LOOP, 0.0, 0.0, 0.0, 0.0, 0.0, 0.0, 0.0, 0.0, 7.5, 0.0, 0.0, 0.0, 0.0, 0.0, 0.0, 0.0, 0.0, 0.0, 0.0, 0.0, 0.0, 0.125, 0.125
43.495752, OPEN_LOOP, 0.0, 0.0, 0.0, 0.0, 0.0, 0.0, 0.0, 0.0, 7.5, 0.0, 0.0, 0.0, 0.0, 0.0, 0.0, 0.0, 0.0, 0.0, 0.0, 0.0, 0.0, 0.125, 0.125
43.514851, OPEN_LOOP, 0.0, 0.0, 0.0, 0.0, 0.0, 0.0, 0.0, 0.0, 7.5, 0.0, 0.0, 0.0, 0.0, 0.0, 0.0, 0.0, 0.0, 0.0, 0.0, 0.0, 0.0, 0.125, 0.125
43.535065, OPEN_LOOP, 0.0, 0.0, 0.0, 0.0, 0.0, 0.0, 0.0, 0.0, 7.5, 0.0, 0.0, 0.0, 0.0, 0.0, 0.0, 0.0, 0.0, 0.0, 0.0, 0.0, 0.0, 0.125, 0.125
43.556217, OPEN_LOOP, 0.0, 0.0, 0.0, 0.0, 0.0, 0.0, 0.0, 0.0, 7.5, 0.0, 0.0, 0.0, 0.0, 0.0, 0.0, 0.0, 0.0, 0.0, 0.0, 0.0, 0.0, 0.125, 0.125
43.596919, OPEN_LOOP, 0.0, 0.0, 0.0, 0.0, 0.0, 0.0, 0.0, 0.0, 7.5, 0.0, 0.0, 0.0, 0.0, 0.0, 0.0, 0.0, 0.0, 0.0, 0.0, 0.0, 0.0, 0.125, 0.125
43.616744, OPEN_LOOP, 0.0, 0.0, 0.0, 0.0, 0.0, 0.0, 0.0, 0.0, 7.5, 0.0, 0.0, 0.0, 0.0, 0.0, 0.0, 0.0, 0.0, 0.0, 0.0, 0.0, 0.0, 0.125, 0.125
43.635995, OPEN_LOOP, 0.0, 0.0, 0.0, 0.0, 0.0, 0.0, 0.0, 0.0, 7.5, 0.0, 0.0, 0.0, 0.0, 0.0, 0.0, 0.0, 0.0, 0.0, 0.0, 0.0, 0.0, 0.125, 0.125
43.656433, OPEN_LOOP, 0.0, 0.0, 0.0, 0.0, 0.0, 0.0, 0.0, 0.0, 7.5, 0.0, 0.0, 0.0, 0.0, 0.0, 0.0, 0.0, 0.0, 0.0, 0.0, 0.0, 0.0, 0.125, 0.125
43.676194, OPEN_LOOP, 0.0, 0.0, 0.0, 0.0, 0.0, 0.0, 0.0, 0.0, 7.5, 0.0, 0.0, 0.0, 0.0, 0.0, 0.0, 0.0, 0.0, 0.0, 0.0, 0.0, 0.0, 0.125, 0.125
43.694717, OPEN_LOOP, 0.0, 0.0, 0.0, 0.0, 0.0, 0.0, 0.0, 0.0, 7.5, 0.0, 0.0, 0.0, 0.0, 0.0, 0.0, 0.0, 0.0, 0.0, 0.0, 0.0, 0.0, 0.125, 0.125
43.715398, OPEN_LOOP, 0.0, 0.0, 0.0, 0.0, 0.0, 0.0, 0.0, 0.0, 7.5, 0.0, 0.0, 0.0, 0.0, 0.0, 0.0, 0.0, 0.0, 0.0, 0.0, 0.0, 0.0, 0.125, 0.125
43.735526, OPEN_LOOP, 0.0, 0.0, 0.0, 0.0, 0.0, 0.0, 0.0, 0.0, 7.5, 0.0, 0.0, 0.0, 0.0, 0.0, 0.0, 0.0, 0.0, 0.0, 0.0, 0.0, 0.0, 0.125, 0.125
43.75583, OPEN_LOOP, 0.0, 0.0, 0.0, 0.0, 0.0, 0.0, 0.0, 0.0, 7.5, 0.0, 0.0, 0.0, 0.0, 0.0, 0.0, 0.0, 0.0, 0.0, 0.0, 0.0, 0.0, 0.125, 0.125
43.775115, OPEN_LOOP, 0.0, 0.0, 0.0, 0.0, 0.0, 0.0, 0.0, 0.0, 7.5, 0.0, 0.0, 0.0, 0.0, 0.0, 0.0, 0.0, 0.0, 0.0, 0.0, 0.0, 0.0, 0.125, 0.125
43.794565, OPEN_LOOP, 0.0, 0.0, 0.0, 0.0, 0.0, 0.0, 0.0, 0.0, 7.5, 0.0, 0.0, 0.0, 0.0, 0.0, 0.0, 0.0, 0.0, 0.0, 0.0, 0.0, 0.0, 0.125, 0.125
43.815034, OPEN_LOOP, 0.0, 0.0, 0.0, 0.0, 0.0, 0.0, 0.0, 0.0, 7.5, 0.0, 0.0, 0.0, 0.0, 0.0, 0.0, 0.0, 0.0, 0.0, 0.0, 0.0, 0.0, 0.125, 0.125
43.835574, OPEN_LOOP, 0.0, 0.0, 0.0, 0.0, 0.0, 0.0, 0.0, 0.0, 7.5, 0.0, 0.0, 0.0, 0.0, 0.0, 0.0, 0.0, 0.0, 0.0, 0.0, 0.0, 0.0, 0.125, 0.125
43.855523, OPEN_LOOP, 0.0, 0.0, 0.0, 0.0, 0.0, 0.0, 0.0, 0.0, 7.5, 0.0, 0.0, 0.0, 0.0, 0.0, 0.0, 0.0, 0.0, 0.0, 0.0, 0.0, 0.0, 0.125, 0.125
43.875588, OPEN_LOOP, 0.0, 0.0, 0.0, 0.0, 0.0, 0.0, 0.0, 0.0, 7.5, 0.0, 0.0, 0.0, 0.0, 0.0, 0.0, 0.0, 0.0, 0.0, 0.0, 0.0, 0.0, 0.125, 0.125
43.895606, OPEN_LOOP, 0.0, 0.0, 0.0, 0.0, 0.0, 0.0, 0.0, 0.0, 7.5, 0.0, 0.0, 0.0, 0.0, 0.0, 0.0, 0.0, 0.0, 0.0, 0.0, 0.0, 0.0, 0.125, 0.125
43.915699, OPEN_LOOP, 0.0, 0.0, 0.0, 0.0, 0.0, 0.0, 0.0, 0.0, 7.5, 0.0, 0.0, 0.0, 0.0, 0.0, 0.0, 0.0, 0.0, 0.0, 0.0, 0.0, 0.0, 0.125, 0.125
43.935254, OPEN_LOOP, 0.0, 0.0, 0.0, 0.0, 0.0, 0.0, 0.0, 0.0, 7.5, 0.0, 0.0, 0.0, 0.0, 0.0, 0.0, 0.0, 0.0, 0.0, 0.0, 0.0, 0.0, 0.125, 0.125
43.955311, OPEN_LOOP, 0.0, 0.0, 0.0, 0.0, 0.0, 0.0, 0.0, 0.0, 7.5, 0.0, 0.0, 0.0, 0.0, 0.0, 0.0, 0.0, 0.0, 0.0, 0.0, 0.0, 0.0, 0.125, 0.125
43.975, OPEN_LOOP, 0.0, 0.0, 0.0, 0.0, 0.0, 0.0, 0.0, 0.0, 7.5, 0.0, 0.0, 0.0, 0.0, 0.0, 0.0, 0.0, 0.0, 0.0, 0.0, 0.0, 0.0, 0.125, 0.125
43.995081, OPEN_LOOP, 0.0, 0.0, 0.0, 0.0, 0.0, 0.0, 0.0, 0.0, 7.5, 0.0, 0.0, 0.0, 0.0, 0.0, 0.0, 0.0, 0.0, 0.0, 0.0, 0.0, 0.0, 0.125, 0.125
44.015585, OPEN_LOOP, 0.0, 0.0, 0.0, 0.0, 0.0, 0.0, 0.0, 0.0, 7.5, 0.0, 0.0, 0.0, 0.0, 0.0, 0.0, 0.0, 0.0, 0.0, 0.0, 0.0, 0.0, 0.125, 0.125
44.03563, OPEN_LOOP, 0.0, 0.0, 0.0, 0.0, 0.0, 0.0, 0.0, 0.0, 7.5, 0.0, 0.0, 0.0, 0.0, 0.0, 0.0, 0.0, 0.0, 0.0, 0.0, 0.0, 0.0, 0.125, 0.125
44.056833, OPEN_LOOP, 0.0, 0.0, 0.0, 0.0, 0.0, 0.0, 0.0, 0.0, 7.5, 0.0, 0.0, 0.0, 0.0, 0.0, 0.0, 0.0, 0.0, 0.0, 0.0, 0.0, 0.0, 0.125, 0.125
44.075607, OPEN_LOOP, 0.0, 0.0, 0.0, 0.0, 0.0, 0.0, 0.0, 0.0, 7.5, 0.0, 0.0, 0.0, 0.0, 0.0, 0.0, 0.0, 0.0, 0.0, 0.0, 0.0, 0.0, 0.125, 0.125
44.094973, OPEN_LOOP, 0.0, 0.0, 0.0, 0.0, 0.0, 0.0, 0.0, 0.0, 7.5, 0.0, 0.0, 0.0, 0.0, 0.0, 0.0, 0.0, 0.0, 0.0, 0.0, 0.0, 0.0, 0.125, 0.125
44.115899, OPEN_LOOP, 0.0, 0.0, 0.0, 0.0, 0.0, 0.0, 0.0, 0.0, 7.5, 0.0, 0.0, 0.0, 0.0, 0.0, 0.0, 0.0, 0.0, 0.0, 0.0, 0.0, 0.0, 0.125, 0.125
44.134484, OPEN_LOOP, 0.0, 0.0, 0.0, 0.0, 0.0, 0.0, 0.0, 0.0, 7.5, 0.0, 0.0, 0.0, 0.0, 0.0, 0.0, 0.0, 0.0, 0.0, 0.0, 0.0, 0.0, 0.125, 0.125
44.154635, OPEN_LOOP, 0.0, 0.0, 0.0, 0.0, 0.0, 0.0, 0.0, 0.0, 7.5, 0.0, 0.0, 0.0, 0.0, 0.0, 0.0, 0.0, 0.0, 0.0, 0.0, 0.0, 0.0, 0.125, 0.125
44.175221, OPEN_LOOP, 0.0, 0.0, 0.0, 0.0, 0.0, 0.0, 0.0, 0.0, 7.5, 0.0, 0.0, 0.0, 0.0, 0.0, 0.0, 0.0, 0.0, 0.0, 0.0, 0.0, 0.0, 0.125, 0.125
44.195346, OPEN_LOOP, 0.0, 0.0, 0.0, 0.0, 0.0, 0.0, 0.0, 0.0, 7.5, 0.0, 0.0, 0.0, 0.0, 0.0, 0.0, 0.0, 0.0, 0.0, 0.0, 0.0, 0.0, 0.125, 0.125
44.215868, OPEN_LOOP, 0.0, 0.0, 0.0, 0.0, 0.0, 0.0, 0.0, 0.0, 7.5, 0.0, 0.0, 0.0, 0.0, 0.0, 0.0, 0.0, 0.0, 0.0, 0.0, 0.0, 0.0, 0.125, 0.125
44.236509, OPEN_LOOP, 0.0, 0.0, 0.0, 0.0, 0.0, 0.0, 0.0, 0.0, 7.5, 0.0, 0.0, 0.0, 0.0, 0.0, 0.0, 0.0, 0.0, 0.0, 0.0, 0.0, 0.0, 0.125, 0.125
44.255662, OPEN_LOOP, 0.0, 0.0, 0.0, 0.0, 0.0, 0.0, 0.0, 0.0, 7.5, 0.0, 0.0, 0.0, 0.0, 0.0, 0.0, 0.0, 0.0, 0.0, 0.0, 0.0, 0.0, 0.125, 0.125
44.275828, OPEN_LOOP, 0.0, 0.0, 0.0, 0.0, 0.0, 0.0, 0.0, 0.0, 7.5, 0.0, 0.0, 0.0, 0.0, 0.0, 0.0, 0.0, 0.0, 0.0, 0.0, 0.0, 0.0, 0.125, 0.125
44.295885, OPEN_LOOP, 0.0, 0.0, 0.0, 0.0, 0.0, 0.0, 0.0, 0.0, 7.5, 0.0, 0.0, 0.0, 0.0, 0.0, 0.0, 0.0, 0.0, 0.0, 0.0, 0.0, 0.0, 0.125, 0.125
44.315283, OPEN_LOOP, 0.0, 0.0, 0.0, 0.0, 0.0, 0.0, 0.0, 0.0, 7.5, 0.0, 0.0, 0.0, 0.0, 0.0, 0.0, 0.0, 0.0, 0.0, 0.0, 0.0, 0.0, 0.125, 0.125
44.33604, OPEN_LOOP, 0.0, 0.0, 0.0, 0.0, 0.0, 0.0, 0.0, 0.0, 7.5, 0.0, 0.0, 0.0, 0.0, 0.0, 0.0, 0.0, 0.0, 0.0, 0.0, 0.0, 0.0, 0.125, 0.125
44.355627, OPEN_LOOP, 0.0, 0.0, 0.0, 0.0, 0.0, 0.0, 0.0, 0.0, 7.5, 0.0, 0.0, 0.0, 0.0, 0.0, 0.0, 0.0, 0.0, 0.0, 0.0, 0.0, 0.0, 0.125, 0.125
44.37568, OPEN_LOOP, 0.0, 0.0, 0.0, 0.0, 0.0, 0.0, 0.0, 0.0, 7.5, 0.0, 0.0, 0.0, 0.0, 0.0, 0.0, 0.0, 0.0, 0.0, 0.0, 0.0, 0.0, 0.125, 0.125
44.395749, OPEN_LOOP, 0.0, 0.0, 0.0, 0.0, 0.0, 0.0, 0.0, 0.0, 7.5, 0.0, 0.0, 0.0, 0.0, 0.0, 0.0, 0.0, 0.0, 0.0, 0.0, 0.0, 0.0, 0.125, 0.125
44.415273, OPEN_LOOP, 0.0, 0.0, 0.0, 0.0, 0.0, 0.0, 0.0, 0.0, 7.5, 0.0, 0.0, 0.0, 0.0, 0.0, 0.0, 0.0, 0.0, 0.0, 0.0, 0.0, 0.0, 0.125, 0.125
44.435366, OPEN_LOOP, 0.0, 0.0, 0.0, 0.0, 0.0, 0.0, 0.0, 0.0, 7.5, 0.0, 0.0, 0.0, 0.0, 0.0, 0.0, 0.0, 0.0, 0.0, 0.0, 0.0, 0.0, 0.125, 0.125
44.45614, OPEN_LOOP, 0.0, 0.0, 0.0, 0.0, 0.0, 0.0, 0.0, 0.0, 7.5, 0.0, 0.0, 0.0, 0.0, 0.0, 0.0, 0.0, 0.0, 0.0, 0.0, 0.0, 0.0, 0.125, 0.125
44.475155, OPEN_LOOP, 0.0, 0.0, 0.0, 0.0, 0.0, 0.0, 0.0, 0.0, 7.5, 0.0, 0.0, 0.0, 0.0, 0.0, 0.0, 0.0, 0.0, 0.0, 0.0, 0.0, 0.0, 0.125, 0.125
44.495233, OPEN_LOOP, 0.0, 0.0, 0.0, 0.0, 0.0, 0.0, 0.0, 0.0, 7.5, 0.0, 0.0, 0.0, 0.0, 0.0, 0.0, 0.0, 0.0, 0.0, 0.0, 0.0, 0.0, 0.125, 0.125
44.515061, OPEN_LOOP, 0.0, 0.0, 0.0, 0.0, 0.0, 0.0, 0.0, 0.0, 7.5, 0.0, 0.0, 0.0, 0.0, 0.0, 0.0, 0.0, 0.0, 0.0, 0.0, 0.0, 0.0, 0.125, 0.125
44.535421, OPEN_LOOP, 0.0, 0.0, 0.0, 0.0, 0.0, 0.0, 0.0, 0.0, 7.5, 0.0, 0.0, 0.0, 0.0, 0.0, 0.0, 0.0, 0.0, 0.0, 0.0, 0.0, 0.0, 0.125, 0.125
44.555955, OPEN_LOOP, 0.0, 0.0, 0.0, 0.0, 0.0, 0.0, 0.0, 0.0, 7.5, 0.0, 0.0, 0.0, 0.0, 0.0, 0.0, 0.0, 0.0, 0.0, 0.0, 0.0, 0.0, 0.125, 0.125
44.57586, OPEN_LOOP, 0.0, 0.0, 0.0, 0.0, 0.0, 0.0, 0.0, 0.0, 7.5, 0.0, 0.0, 0.0, 0.0, 0.0, 0.0, 0.0, 0.0, 0.0, 0.0, 0.0, 0.0, 0.125, 0.125
44.595954, OPEN_LOOP, 0.0, 0.0, 0.0, 0.0, 0.0, 0.0, 0.0, 0.0, 7.5, 0.0, 0.0, 0.0, 0.0, 0.0, 0.0, 0.0, 0.0, 0.0, 0.0, 0.0, 0.0, 0.125, 0.125
44.616027, OPEN_LOOP, 0.0, 0.0, 0.0, 0.0, 0.0, 0.0, 0.0, 0.0, 7.5, 0.0, 0.0, 0.0, 0.0, 0.0, 0.0, 0.0, 0.0, 0.0, 0.0, 0.0, 0.0, 0.125, 0.125
44.636153, OPEN_LOOP, 0.0, 0.0, 0.0, 0.0, 0.0, 0.0, 0.0, 0.0, 7.5, 0.0, 0.0, 0.0, 0.0, 0.0, 0.0, 0.0, 0.0, 0.0, 0.0, 0.0, 0.0, 0.125, 0.125
44.655516999999996, OPEN_LOOP, 0.0, 0.0, 0.0, 0.0, 0.0, 0.0, 0.0, 0.0, 7.5, 0.0, 0.0, 0.0, 0.0, 0.0, 0.0, 0.0, 0.0, 0.0, 0.0, 0.0, 0.0, 0.125, 0.125
44.675064, OPEN_LOOP, 0.0, 0.0, 0.0, 0.0, 0.0, 0.0, 0.0, 0.0, 7.5, 0.0, 0.0, 0.0, 0.0, 0.0, 0.0, 0.0, 0.0, 0.0, 0.0, 0.0, 0.0, 0.125, 0.125
44.694487, OPEN_LOOP, 0.0, 0.0, 0.0, 0.0, 0.0, 0.0, 0.0, 0.0, 7.5, 0.0, 0.0, 0.0, 0.0, 0.0, 0.0, 0.0, 0.0, 0.0, 0.0, 0.0, 0.0, 0.125, 0.125
44.715364, OPEN_LOOP, 0.0, 0.0, 0.0, 0.0, 0.0, 0.0, 0.0, 0.0, 7.5, 0.0, 0.0, 0.0, 0.0, 0.0, 0.0, 0.0, 0.0, 0.0, 0.0, 0.0, 0.0, 0.125, 0.125
44.754187, OPEN_LOOP, 0.0, 0.0, 0.0, 0.0, 0.0, 0.0, 0.0, 0.0, 7.5, 0.0, 0.0, 0.0, 0.0, 0.0, 0.0, 0.0, 0.0, 0.0, 0.0, 0.0, 0.0, 0.125, 0.125
44.775294, OPEN_LOOP, 0.0, 0.0, 0.0, 0.0, 0.0, 0.0, 0.0, 0.0, 7.5, 0.0, 0.0, 0.0, 0.0, 0.0, 0.0, 0.0, 0.0, 0.0, 0.0, 0.0, 0.0, 0.125, 0.125
44.795571, OPEN_LOOP, 0.0, 0.0, 0.0, 0.0, 0.0, 0.0, 0.0, 0.0, 7.5, 0.0, 0.0, 0.0, 0.0, 0.0, 0.0, 0.0, 0.0, 0.0, 0.0, 0.0, 0.0, 0.125, 0.125
44.815262, OPEN_LOOP, 0.0, 0.0, 0.0, 0.0, 0.0, 0.0, 0.0, 0.0, 7.5, 0.0, 0.0, 0.0, 0.0, 0.0, 0.0, 0.0, 0.0, 0.0, 0.0, 0.0, 0.0, 0.125, 0.125
44.836008, OPEN_LOOP, 0.0, 0.0, 0.0, 0.0, 0.0, 0.0, 0.0, 0.0, 7.5, 0.0, 0.0, 0.0, 0.0, 0.0, 0.0, 0.0, 0.0, 0.0, 0.0, 0.0, 0.0, 0.125, 0.125
44.856111, OPEN_LOOP, 0.0, 0.0, 0.0, 0.0, 0.0, 0.0, 0.0, 0.0, 7.5, 0.0, 0.0, 0.0, 0.0, 0.0, 0.0, 0.0, 0.0, 0.0, 0.0, 0.0, 0.0, 0.125, 0.125
44.875355, OPEN_LOOP, 0.0, 0.0, 0.0, 0.0, 0.0, 0.0, 0.0, 0.0, 7.5, 0.0, 0.0, 0.0, 0.0, 0.0, 0.0, 0.0, 0.0, 0.0, 0.0, 0.0, 0.0, 0.125, 0.125
44.896574, OPEN_LOOP, 0.0, 0.0, 0.0, 0.0, 0.0, 0.0, 0.0, 0.0, 7.5, 0.0, 0.0, 0.0, 0.0, 0.0, 0.0, 0.0, 0.0, 0.0, 0.0, 0.0, 0.0, 0.125, 0.125
44.915805999999996, OPEN_LOOP, 0.0, 0.0, 0.0, 0.0, 0.0, 0.0, 0.0, 0.0, 7.5, 0.0, 0.0, 0.0, 0.0, 0.0, 0.0, 0.0, 0.0, 0.0, 0.0, 0.0, 0.0, 0.125, 0.125
44.935932, OPEN_LOOP, 0.0, 0.0, 0.0, 0.0, 0.0, 0.0, 0.0, 0.0, 7.5, 0.0, 0.0, 0.0, 0.0, 0.0, 0.0, 0.0, 0.0, 0.0, 0.0, 0.0, 0.0, 0.125, 0.125
44.955719, OPEN_LOOP, 0.0, 0.0, 0.0, 0.0, 0.0, 0.0, 0.0, 0.0, 7.5, 0.0, 0.0, 0.0, 0.0, 0.0, 0.0, 0.0, 0.0, 0.0, 0.0, 0.0, 0.0, 0.125, 0.125
44.976701, OPEN_LOOP, 0.0, 0.0, 0.0, 0.0, 0.0, 0.0, 0.0, 0.0, 7.5, 0.0, 0.0, 0.0, 0.0, 0.0, 0.0, 0.0, 0.0, 0.0, 0.0, 0.0, 0.0, 0.125, 0.125
44.994844, OPEN_LOOP, 0.0, 0.0, 0.0, 0.0, 0.0, 0.0, 0.0, 0.0, 7.5, 0.0, 0.0, 0.0, 0.0, 0.0, 0.0, 0.0, 0.0, 0.0, 0.0, 0.0, 0.0, 0.125, 0.125
45.016139, OPEN_LOOP, 0.0, 0.0, 0.0, 0.0, 0.0, 0.0, 0.0, 0.0, 7.5, 0.0, 0.0, 0.0, 0.0, 0.0, 0.0, 0.0, 0.0, 0.0, 0.0, 0.0, 0.0, 0.125, 0.125
45.034492, OPEN_LOOP, 0.0, 0.0, 0.0, 0.0, 0.0, 0.0, 0.0, 0.0, 7.5, 0.0, 0.0, 0.0, 0.0, 0.0, 0.0, 0.0, 0.0, 0.0, 0.0, 0.0, 0.0, 0.125, 0.125
45.055870999999996, OPEN_LOOP, 0.0, 0.0, 0.0, 0.0, 0.0, 0.0, 0.0, 0.0, 7.5, 0.0, 0.0, 0.0, 0.0, 0.0, 0.0, 0.0, 0.0, 0.0, 0.0, 0.0, 0.0, 0.125, 0.125
45.075511, OPEN_LOOP, 0.0, 0.0, 0.0, 0.0, 0.0, 0.0, 0.0, 0.0, 7.5, 0.0, 0.0, 0.0, 0.0, 0.0, 0.0, 0.0, 0.0, 0.0, 0.0, 0.0, 0.0, 0.125, 0.125
45.0979, OPEN_LOOP, 0.0, 0.0, 0.0, 0.0, 0.0, 0.0, 0.0, 0.0, 7.5, 0.0, 0.0, 0.0, 0.0, 0.0, 0.0, 0.0, 0.0, 0.0, 0.0, 0.0, 0.0, 0.125, 0.125
45.115877, OPEN_LOOP, 0.0, 0.0, 0.0, 0.0, 0.0, 0.0, 0.0, 0.0, 7.5, 0.0, 0.0, 0.0, 0.0, 0.0, 0.0, 0.0, 0.0, 0.0, 0.0, 0.0, 0.0, 0.125, 0.125
45.136191, OPEN_LOOP, 0.0, 0.0, 0.0, 0.0, 0.0, 0.0, 0.0, 0.0, 7.5, 0.0, 0.0, 0.0, 0.0, 0.0, 0.0, 0.0, 0.0, 0.0, 0.0, 0.0, 0.0, 0.125, 0.125
45.154949, OPEN_LOOP, 0.0, 0.0, 0.0, 0.0, 0.0, 0.0, 0.0, 0.0, 7.5, 0.0, 0.0, 0.0, 0.0, 0.0, 0.0, 0.0, 0.0, 0.0, 0.0, 0.0, 0.0, 0.125, 0.125
45.175685, OPEN_LOOP, 0.0, 0.0, 0.0, 0.0, 0.0, 0.0, 0.0, 0.0, 7.5, 0.0, 0.0, 0.0, 0.0, 0.0, 0.0, 0.0, 0.0, 0.0, 0.0, 0.0, 0.0, 0.125, 0.125
45.194942, OPEN_LOOP, 0.0, 0.0, 0.0, 0.0, 0.0, 0.0, 0.0, 0.0, 7.5, 0.0, 0.0, 0.0, 0.0, 0.0, 0.0, 0.0, 0.0, 0.0, 0.0, 0.0, 0.0, 0.125, 0.125
45.216057, OPEN_LOOP, 0.0, 0.0, 0.0, 0.0, 0.0, 0.0, 0.0, 0.0, 7.5, 0.0, 0.0, 0.0, 0.0, 0.0, 0.0, 0.0, 0.0, 0.0, 0.0, 0.0, 0.0, 0.125, 0.125
45.235369999999996, OPEN_LOOP, 0.0, 0.0, 0.0, 0.0, 0.0, 0.0, 0.0, 0.0, 7.5, 0.0, 0.0, 0.0, 0.0, 0.0, 0.0, 0.0, 0.0, 0.0, 0.0, 0.0, 0.0, 0.125, 0.125
45.255241, OPEN_LOOP, 0.0, 0.0, 0.0, 0.0, 0.0, 0.0, 0.0, 0.0, 7.5, 0.0, 0.0, 0.0, 0.0, 0.0, 0.0, 0.0, 0.0, 0.0, 0.0, 0.0, 0.0, 0.125, 0.125
45.274622, OPEN_LOOP, 0.0, 0.0, 0.0, 0.0, 0.0, 0.0, 0.0, 0.0, 7.5, 0.0, 0.0, 0.0, 0.0, 0.0, 0.0, 0.0, 0.0, 0.0, 0.0, 0.0, 0.0, 0.125, 0.125
45.295092, OPEN_LOOP, 0.0, 0.0, 0.0, 0.0, 0.0, 0.0, 0.0, 0.0, 7.5, 0.0, 0.0, 0.0, 0.0, 0.0, 0.0, 0.0, 0.0, 0.0, 0.0, 0.0, 0.0, 0.125, 0.125
45.314518, OPEN_LOOP, 0.0, 0.0, 0.0, 0.0, 0.0, 0.0, 0.0, 0.0, 7.5, 0.0, 0.0, 0.0, 0.0, 0.0, 0.0, 0.0, 0.0, 0.0, 0.0, 0.0, 0.0, 0.125, 0.125
45.335324, OPEN_LOOP, 0.0, 0.0, 0.0, 0.0, 0.0, 0.0, 0.0, 0.0, 7.5, 0.0, 0.0, 0.0, 0.0, 0.0, 0.0, 0.0, 0.0, 0.0, 0.0, 0.0, 0.0, 0.125, 0.125
45.355103, OPEN_LOOP, 0.0, 0.0, 0.0, 0.0, 0.0, 0.0, 0.0, 0.0, 7.5, 0.0, 0.0, 0.0, 0.0, 0.0, 0.0, 0.0, 0.0, 0.0, 0.0, 0.0, 0.0, 0.125, 0.125
45.37576, OPEN_LOOP, 0.0, 0.0, 0.0, 0.0, 0.0, 0.0, 0.0, 0.0, 7.5, 0.0, 0.0, 0.0, 0.0, 0.0, 0.0, 0.0, 0.0, 0.0, 0.0, 0.0, 0.0, 0.125, 0.125
45.396056, OPEN_LOOP, 0.0, 0.0, 0.0, 0.0, 0.0, 0.0, 0.0, 0.0, 7.5, 0.0, 0.0, 0.0, 0.0, 0.0, 0.0, 0.0, 0.0, 0.0, 0.0, 0.0, 0.0, 0.125, 0.125
45.416045, OPEN_LOOP, 0.0, 0.0, 0.0, 0.0, 0.0, 0.0, 0.0, 0.0, 7.5, 0.0, 0.0, 0.0, 0.0, 0.0, 0.0, 0.0, 0.0, 0.0, 0.0, 0.0, 0.0, 0.125, 0.125
45.434964, OPEN_LOOP, 0.0, 0.0, 0.0, 0.0, 0.0, 0.0, 0.0, 0.0, 7.5, 0.0, 0.0, 0.0, 0.0, 0.0, 0.0, 0.0, 0.0, 0.0, 0.0, 0.0, 0.0, 0.125, 0.125
45.456825, OPEN_LOOP, 0.0, 0.0, 0.0, 0.0, 0.0, 0.0, 0.0, 0.0, 7.5, 0.0, 0.0, 0.0, 0.0, 0.0, 0.0, 0.0, 0.0, 0.0, 0.0, 0.0, 0.0, 0.125, 0.125
45.475313, OPEN_LOOP, 0.0, 0.0, 0.0, 0.0, 0.0, 0.0, 0.0, 0.0, 7.5, 0.0, 0.0, 0.0, 0.0, 0.0, 0.0, 0.0, 0.0, 0.0, 0.0, 0.0, 0.0, 0.125, 0.125
45.495309, OPEN_LOOP, 0.0, 0.0, 0.0, 0.0, 0.0, 0.0, 0.0, 0.0, 7.5, 0.0, 0.0, 0.0, 0.0, 0.0, 0.0, 0.0, 0.0, 0.0, 0.0, 0.0, 0.0, 0.125, 0.125
45.516076, OPEN_LOOP, 0.0, 0.0, 0.0, 0.0, 0.0, 0.0, 0.0, 0.0, 7.5, 0.0, 0.0, 0.0, 0.0, 0.0, 0.0, 0.0, 0.0, 0.0, 0.0, 0.0, 0.0, 0.125, 0.125
45.53525, OPEN_LOOP, 0.0, 0.0, 0.0, 0.0, 0.0, 0.0, 0.0, 0.0, 7.5, 0.0, 0.0, 0.0, 0.0, 0.0, 0.0, 0.0, 0.0, 0.0, 0.0, 0.0, 0.0, 0.125, 0.125
45.555793, OPEN_LOOP, 0.0, 0.0, 0.0, 0.0, 0.0, 0.0, 0.0, 0.0, 7.5, 0.0, 0.0, 0.0, 0.0, 0.0, 0.0, 0.0, 0.0, 0.0, 0.0, 0.0, 0.0, 0.125, 0.125
45.575295, OPEN_LOOP, 0.0, 0.0, 0.0, 0.0, 0.0, 0.0, 0.0, 0.0, 7.5, 0.0, 0.0, 0.0, 0.0, 0.0, 0.0, 0.0, 0.0, 0.0, 0.0, 0.0, 0.0, 0.125, 0.125
45.595857, OPEN_LOOP, 0.0, 0.0, 0.0, 0.0, 0.0, 0.0, 0.0, 0.0, 7.5, 0.0, 0.0, 0.0, 0.0, 0.0, 0.0, 0.0, 0.0, 0.0, 0.0, 0.0, 0.0, 0.125, 0.125
45.616181, OPEN_LOOP, 0.0, 0.0, 0.0, 0.0, 0.0, 0.0, 0.0, 0.0, 7.5, 0.0, 0.0, 0.0, 0.0, 0.0, 0.0, 0.0, 0.0, 0.0, 0.0, 0.0, 0.0, 0.125, 0.125
45.635081, OPEN_LOOP, 0.0, 0.0, 0.0, 0.0, 0.0, 0.0, 0.0, 0.0, 7.5, 0.0, 0.0, 0.0, 0.0, 0.0, 0.0, 0.0, 0.0, 0.0, 0.0, 0.0, 0.0, 0.125, 0.125
45.655763, OPEN_LOOP, 0.0, 0.0, 0.0, 0.0, 0.0, 0.0, 0.0, 0.0, 7.5, 0.0, 0.0, 0.0, 0.0, 0.0, 0.0, 0.0, 0.0, 0.0, 0.0, 0.0, 0.0, 0.125, 0.125
45.677042, OPEN_LOOP, 0.0, 0.0, 0.0, 0.0, 0.0, 0.0, 0.0, 0.0, 7.5, 0.0, 0.0, 0.0, 0.0, 0.0, 0.0, 0.0, 0.0, 0.0, 0.0, 0.0, 0.0, 0.125, 0.125
45.694988, OPEN_LOOP, 0.0, 0.0, 0.0, 0.0, 0.0, 0.0, 0.0, 0.0, 7.5, 0.0, 0.0, 0.0, 0.0, 0.0, 0.0, 0.0, 0.0, 0.0, 0.0, 0.0, 0.0, 0.125, 0.125
45.714939, OPEN_LOOP, 0.0, 0.0, 0.0, 0.0, 0.0, 0.0, 0.0, 0.0, 7.5, 0.0, 0.0, 0.0, 0.0, 0.0, 0.0, 0.0, 0.0, 0.0, 0.0, 0.0, 0.0, 0.125, 0.125
45.735604, OPEN_LOOP, 0.0, 0.0, 0.0, 0.0, 0.0, 0.0, 0.0, 0.0, 7.5, 0.0, 0.0, 0.0, 0.0, 0.0, 0.0, 0.0, 0.0, 0.0, 0.0, 0.0, 0.0, 0.125, 0.125
45.75557, OPEN_LOOP, 0.0, 0.0, 0.0, 0.0, 0.0, 0.0, 0.0, 0.0, 7.5, 0.0, 0.0, 0.0, 0.0, 0.0, 0.0, 0.0, 0.0, 0.0, 0.0, 0.0, 0.0, 0.125, 0.125
45.776145, OPEN_LOOP, 0.0, 0.0, 0.0, 0.0, 0.0, 0.0, 0.0, 0.0, 7.5, 0.0, 0.0, 0.0, 0.0, 0.0, 0.0, 0.0, 0.0, 0.0, 0.0, 0.0, 0.0, 0.125, 0.125
45.796145, OPEN_LOOP, 0.0, 0.0, 0.0, 0.0, 0.0, 0.0, 0.0, 0.0, 7.5, 0.0, 0.0, 0.0, 0.0, 0.0, 0.0, 0.0, 0.0, 0.0, 0.0, 0.0, 0.0, 0.125, 0.125
45.815687, OPEN_LOOP, 0.0, 0.0, 0.0, 0.0, 0.0, 0.0, 0.0, 0.0, 7.5, 0.0, 0.0, 0.0, 0.0, 0.0, 0.0, 0.0, 0.0, 0.0, 0.0, 0.0, 0.0, 0.125, 0.125
45.835827, OPEN_LOOP, 0.0, 0.0, 0.0, 0.0, 0.0, 0.0, 0.0, 0.0, 7.5, 0.0, 0.0, 0.0, 0.0, 0.0, 0.0, 0.0, 0.0, 0.0, 0.0, 0.0, 0.0, 0.125, 0.125
45.85557, OPEN_LOOP, 0.0, 0.0, 0.0, 0.0, 0.0, 0.0, 0.0, 0.0, 7.5, 0.0, 0.0, 0.0, 0.0, 0.0, 0.0, 0.0, 0.0, 0.0, 0.0, 0.0, 0.0, 0.125, 0.125
45.916393, OPEN_LOOP, 0.0, 0.0, 0.0, 0.0, 0.0, 0.0, 0.0, 0.0, 7.5, 0.0, 0.0, 0.0, 0.0, 0.0, 0.0, 0.0, 0.0, 0.0, 0.0, 0.0, 0.0, 0.125, 0.125
45.934871, OPEN_LOOP, 0.0, 0.0, 0.0, 0.0, 0.0, 0.0, 0.0, 0.0, 7.5, 0.0, 0.0, 0.0, 0.0, 0.0, 0.0, 0.0, 0.0, 0.0, 0.0, 0.0, 0.0, 0.125, 0.125
45.955301, OPEN_LOOP, 0.0, 0.0, 0.0, 0.0, 0.0, 0.0, 0.0, 0.0, 7.5, 0.0, 0.0, 0.0, 0.0, 0.0, 0.0, 0.0, 0.0, 0.0, 0.0, 0.0, 0.0, 0.125, 0.125
45.975, OPEN_LOOP, 0.0, 0.0, 0.0, 0.0, 0.0, 0.0, 0.0, 0.0, 7.5, 0.0, 0.0, 0.0, 0.0, 0.0, 0.0, 0.0, 0.0, 0.0, 0.0, 0.0, 0.0, 0.125, 0.125
45.994307, OPEN_LOOP, 0.0, 0.0, 0.0, 0.0, 0.0, 0.0, 0.0, 0.0, 7.5, 0.0, 0.0, 0.0, 0.0, 0.0, 0.0, 0.0, 0.0, 0.0, 0.0, 0.0, 0.0, 0.125, 0.125
46.014726, OPEN_LOOP, 0.0, 0.0, 0.0, 0.0, 0.0, 0.0, 0.0, 0.0, 7.5, 0.0, 0.0, 0.0, 0.0, 0.0, 0.0, 0.0, 0.0, 0.0, 0.0, 0.0, 0.0, 0.125, 0.125
46.034545, OPEN_LOOP, 0.0, 0.0, 0.0, 0.0, 0.0, 0.0, 0.0, 0.0, 7.5, 0.0, 0.0, 0.0, 0.0, 0.0, 0.0, 0.0, 0.0, 0.0, 0.0, 0.0, 0.0, 0.125, 0.125
46.054737, OPEN_LOOP, 0.0, 0.0, 0.0, 0.0, 0.0, 0.0, 0.0, 0.0, 7.5, 0.0, 0.0, 0.0, 0.0, 0.0, 0.0, 0.0, 0.0, 0.0, 0.0, 0.0, 0.0, 0.125, 0.125
46.075387, OPEN_LOOP, 0.0, 0.0, 0.0, 0.0, 0.0, 0.0, 0.0, 0.0, 7.5, 0.0, 0.0, 0.0, 0.0, 0.0, 0.0, 0.0, 0.0, 0.0, 0.0, 0.0, 0.0, 0.125, 0.125
46.095577, OPEN_LOOP, 0.0, 0.0, 0.0, 0.0, 0.0, 0.0, 0.0, 0.0, 7.5, 0.0, 0.0, 0.0, 0.0, 0.0, 0.0, 0.0, 0.0, 0.0, 0.0, 0.0, 0.0, 0.125, 0.125
46.115778, OPEN_LOOP, 0.0, 0.0, 0.0, 0.0, 0.0, 0.0, 0.0, 0.0, 7.5, 0.0, 0.0, 0.0, 0.0, 0.0, 0.0, 0.0, 0.0, 0.0, 0.0, 0.0, 0.0, 0.125, 0.125
46.135335, OPEN_LOOP, 0.0, 0.0, 0.0, 0.0, 0.0, 0.0, 0.0, 0.0, 7.5, 0.0, 0.0, 0.0, 0.0, 0.0, 0.0, 0.0, 0.0, 0.0, 0.0, 0.0, 0.0, 0.125, 0.125
46.155514, OPEN_LOOP, 0.0, 0.0, 0.0, 0.0, 0.0, 0.0, 0.0, 0.0, 7.5, 0.0, 0.0, 0.0, 0.0, 0.0, 0.0, 0.0, 0.0, 0.0, 0.0, 0.0, 0.0, 0.125, 0.125
46.176106, OPEN_LOOP, 0.0, 0.0, 0.0, 0.0, 0.0, 0.0, 0.0, 0.0, 7.5, 0.0, 0.0, 0.0, 0.0, 0.0, 0.0, 0.0, 0.0, 0.0, 0.0, 0.0, 0.0, 0.125, 0.125
46.195864, OPEN_LOOP, 0.0, 0.0, 0.0, 0.0, 0.0, 0.0, 0.0, 0.0, 7.5, 0.0, 0.0, 0.0, 0.0, 0.0, 0.0, 0.0, 0.0, 0.0, 0.0, 0.0, 0.0, 0.125, 0.125
46.21542, OPEN_LOOP, 0.0, 0.0, 0.0, 0.0, 0.0, 0.0, 0.0, 0.0, 7.489999771118164, 0.0, 0.0, 0.0, 0.0, 0.0, 0.0, 0.0, 0.0, 0.0, 0.0, 0.0, 0.0, 0.125, 0.125
46.235551, OPEN_LOOP, 0.0, 0.0, 0.0, 0.0, 0.0, 0.0, 0.0, 0.0, 7.489999771118164, 0.0, 0.0, 0.0, 0.0, 0.0, 0.0, 0.0, 0.0, 0.0, 0.0, 0.0, 0.0, 0.125, 0.125
46.25567, OPEN_LOOP, 0.0, 0.0, 0.0, 0.0, 0.0, 0.0, 0.0, 0.0, 7.489999771118164, 0.0, 0.0, 0.0, 0.0, 0.0, 0.0, 0.0, 0.0, 0.0, 0.0, 0.0, 0.0, 0.125, 0.125
46.274355, OPEN_LOOP, 0.0, 0.0, 0.0, 0.0, 0.0, 0.0, 0.0, 0.0, 7.489999771118164, 0.0, 0.0, 0.0, 0.0, 0.0, 0.0, 0.0, 0.0, 0.0, 0.0, 0.0, 0.0, 0.125, 0.125
46.295732, OPEN_LOOP, 0.0, 0.0, 0.0, 0.0, 0.0, 0.0, 0.0, 0.0, 7.489999771118164, 0.0, 0.0, 0.0, 0.0, 0.0, 0.0, 0.0, 0.0, 0.0, 0.0, 0.0, 0.0, 0.125, 0.125
46.316194, OPEN_LOOP, 0.0, 0.0, 0.0, 0.0, 0.0, 0.0, 0.0, 0.0, 7.489999771118164, 0.0, 0.0, 0.0, 0.0, 0.0, 0.0, 0.0, 0.0, 0.0, 0.0, 0.0, 0.0, 0.125, 0.125
46.336716, OPEN_LOOP, 0.0, 0.0, 0.0, 0.0, 0.0, 0.0, 0.0, 0.0, 7.5, 0.0, 0.0, 0.0, 0.0, 0.0, 0.0, 0.0, 0.0, 0.0, 0.0, 0.0, 0.0, 0.125, 0.125
46.354957, OPEN_LOOP, 0.0, 0.0, 0.0, 0.0, 0.0, 0.0, 0.0, 0.0, 7.489999771118164, 0.0, 0.0, 0.0, 0.0, 0.0, 0.0, 0.0, 0.0, 0.0, 0.0, 0.0, 0.0, 0.125, 0.125
46.375037, OPEN_LOOP, 0.0, 0.0, 0.0, 0.0, 0.0, 0.0, 0.0, 0.0, 7.489999771118164, 0.0, 0.0, 0.0, 0.0, 0.0, 0.0, 0.0, 0.0, 0.0, 0.0, 0.0, 0.0, 0.125, 0.125
46.395364, OPEN_LOOP, 0.0, 0.0, 0.0, 0.0, 0.0, 0.0, 0.0, 0.0, 7.489999771118164, 0.0, 0.0, 0.0, 0.0, 0.0, 0.0, 0.0, 0.0, 0.0, 0.0, 0.0, 0.0, 0.125, 0.125
46.414457, OPEN_LOOP, 0.0, 0.0, 0.0, 0.0, 0.0, 0.0, 0.0, 0.0, 7.5, 0.0, 0.0, 0.0, 0.0, 0.0, 0.0, 0.0, 0.0, 0.0, 0.0, 0.0, 0.0, 0.125, 0.125
46.434900999999996, OPEN_LOOP, 0.0, 0.0, 0.0, 0.0, 0.0, 0.0, 0.0, 0.0, 7.5, 0.0, 0.0, 0.0, 0.0, 0.0, 0.0, 0.0, 0.0, 0.0, 0.0, 0.0, 0.0, 0.125, 0.125
46.455832, OPEN_LOOP, 0.0, 0.0, 0.0, 0.0, 0.0, 0.0, 0.0, 0.0, 7.489999771118164, 0.0, 0.0, 0.0, 0.0, 0.0, 0.0, 0.0, 0.0, 0.0, 0.0, 0.0, 0.0, 0.125, 0.125
46.475336, OPEN_LOOP, 0.0, 0.0, 0.0, 0.0, 0.0, 0.0, 0.0, 0.0, 7.489999771118164, 0.0, 0.0, 0.0, 0.0, 0.0, 0.0, 0.0, 0.0, 0.0, 0.0, 0.0, 0.0, 0.125, 0.125
46.496001, OPEN_LOOP, 0.0, 0.0, 0.0, 0.0, 0.0, 0.0, 0.0, 0.0, 7.489999771118164, 0.0, 0.0, 0.0, 0.0, 0.0, 0.0, 0.0, 0.0, 0.0, 0.0, 0.0, 0.0, 0.125, 0.125
46.515743, OPEN_LOOP, 0.0, 0.0, 0.0, 0.0, 0.0, 0.0, 0.0, 0.0, 7.5, 0.0, 0.0, 0.0, 0.0, 0.0, 0.0, 0.0, 0.0, 0.0, 0.0, 0.0, 0.0, 0.125, 0.125
46.53494, OPEN_LOOP, 0.0, 0.0, 0.0, 0.0, 0.0, 0.0, 0.0, 0.0, 7.489999771118164, 0.0, 0.0, 0.0, 0.0, 0.0, 0.0, 0.0, 0.0, 0.0, 0.0, 0.0, 0.0, 0.125, 0.125
46.558074, OPEN_LOOP, 0.0, 0.0, 0.0, 0.0, 0.0, 0.0, 0.0, 0.0, 7.489999771118164, 0.0, 0.0, 0.0, 0.0, 0.0, 0.0, 0.0, 0.0, 0.0, 0.0, 0.0, 0.0, 0.125, 0.125
46.575366, OPEN_LOOP, 0.0, 0.0, 0.0, 0.0, 0.0, 0.0, 0.0, 0.0, 7.5, 0.0, 0.0, 0.0, 0.0, 0.0, 0.0, 0.0, 0.0, 0.0, 0.0, 0.0, 0.0, 0.125, 0.125
46.594937, OPEN_LOOP, 0.0, 0.0, 0.0, 0.0, 0.0, 0.0, 0.0, 0.0, 7.5, 0.0, 0.0, 0.0, 0.0, 0.0, 0.0, 0.0, 0.0, 0.0, 0.0, 0.0, 0.0, 0.125, 0.125
46.61497, OPEN_LOOP, 0.0, 0.0, 0.0, 0.0, 0.0, 0.0, 0.0, 0.0, 7.5, 0.0, 0.0, 0.0, 0.0, 0.0, 0.0, 0.0, 0.0, 0.0, 0.0, 0.0, 0.0, 0.125, 0.125
46.635607, OPEN_LOOP, 0.0, 0.0, 0.0, 0.0, 0.0, 0.0, 0.0, 0.0, 7.5, 0.0, 0.0, 0.0, 0.0, 0.0, 0.0, 0.0, 0.0, 0.0, 0.0, 0.0, 0.0, 0.125, 0.125
46.656115, OPEN_LOOP, 0.0, 0.0, 0.0, 0.0, 0.0, 0.0, 0.0, 0.0, 7.5, 0.0, 0.0, 0.0, 0.0, 0.0, 0.0, 0.0, 0.0, 0.0, 0.0, 0.0, 0.0, 0.125, 0.125
46.675361, OPEN_LOOP, 0.0, 0.0, 0.0, 0.0, 0.0, 0.0, 0.0, 0.0, 7.5, 0.0, 0.0, 0.0, 0.0, 0.0, 0.0, 0.0, 0.0, 0.0, 0.0, 0.0, 0.0, 0.125, 0.125
46.69515, OPEN_LOOP, 0.0, 0.0, 0.0, 0.0, 0.0, 0.0, 0.0, 0.0, 7.5, 0.0, 0.0, 0.0, 0.0, 0.0, 0.0, 0.0, 0.0, 0.0, 0.0, 0.0, 0.0, 0.125, 0.125
46.715382, OPEN_LOOP, 0.0, 0.0, 0.0, 0.0, 0.0, 0.0, 0.0, 0.0, 7.5, 0.0, 0.0, 0.0, 0.0, 0.0, 0.0, 0.0, 0.0, 0.0, 0.0, 0.0, 0.0, 0.125, 0.125
46.73527, OPEN_LOOP, 0.0, 0.0, 0.0, 0.0, 0.0, 0.0, 0.0, 0.0, 7.489999771118164, 0.0, 0.0, 0.0, 0.0, 0.0, 0.0, 0.0, 0.0, 0.0, 0.0, 0.0, 0.0, 0.125, 0.125
46.755071, OPEN_LOOP, 0.0, 0.0, 0.0, 0.0, 0.0, 0.0, 0.0, 0.0, 7.5, 0.0, 0.0, 0.0, 0.0, 0.0, 0.0, 0.0, 0.0, 0.0, 0.0, 0.0, 0.0, 0.125, 0.125
46.77595, OPEN_LOOP, 0.0, 0.0, 0.0, 0.0, 0.0, 0.0, 0.0, 0.0, 7.5, 0.0, 0.0, 0.0, 0.0, 0.0, 0.0, 0.0, 0.0, 0.0, 0.0, 0.0, 0.0, 0.125, 0.125
46.795394, OPEN_LOOP, 0.0, 0.0, 0.0, 0.0, 0.0, 0.0, 0.0, 0.0, 7.5, 0.0, 0.0, 0.0, 0.0, 0.0, 0.0, 0.0, 0.0, 0.0, 0.0, 0.0, 0.0, 0.125, 0.125
46.815386, OPEN_LOOP, 0.0, 0.0, 0.0, 0.0, 0.0, 0.0, 0.0, 0.0, 7.5, 0.0, 0.0, 0.0, 0.0, 0.0, 0.0, 0.0, 0.0, 0.0, 0.0, 0.0, 0.0, 0.125, 0.125
46.835431, OPEN_LOOP, 0.0, 0.0, 0.0, 0.0, 0.0, 0.0, 0.0, 0.0, 7.5, 0.0, 0.0, 0.0, 0.0, 0.0, 0.0, 0.0, 0.0, 0.0, 0.0, 0.0, 0.0, 0.125, 0.125
46.85545, OPEN_LOOP, 0.0, 0.0, 0.0, 0.0, 0.0, 0.0, 0.0, 0.0, 7.5, 0.0, 0.0, 0.0, 0.0, 0.0, 0.0, 0.0, 0.0, 0.0, 0.0, 0.0, 0.0, 0.125, 0.125
46.875838, OPEN_LOOP, 0.0, 0.0, 0.0, 0.0, 0.0, 0.0, 0.0, 0.0, 7.5, 0.0, 0.0, 0.0, 0.0, 0.0, 0.0, 0.0, 0.0, 0.0, 0.0, 0.0, 0.0, 0.125, 0.125
46.895226, OPEN_LOOP, 0.0, 0.0, 0.0, 0.0, 0.0, 0.0, 0.0, 0.0, 7.5, 0.0, 0.0, 0.0, 0.0, 0.0, 0.0, 0.0, 0.0, 0.0, 0.0, 0.0, 0.0, 0.125, 0.125
46.914834, OPEN_LOOP, 0.0, 0.0, 0.0, 0.0, 0.0, 0.0, 0.0, 0.0, 7.5, 0.0, 0.0, 0.0, 0.0, 0.0, 0.0, 0.0, 0.0, 0.0, 0.0, 0.0, 0.0, 0.125, 0.125
46.934708, OPEN_LOOP, 0.0, 0.0, 0.0, 0.0, 0.0, 0.0, 0.0, 0.0, 7.5, 0.0, 0.0, 0.0, 0.0, 0.0, 0.0, 0.0, 0.0, 0.0, 0.0, 0.0, 0.0, 0.125, 0.125
46.955655, OPEN_LOOP, 0.0, 0.0, 0.0, 0.0, 0.0, 0.0, 0.0, 0.0, 7.5, 0.0, 0.0, 0.0, 0.0, 0.0, 0.0, 0.0, 0.0, 0.0, 0.0, 0.0, 0.0, 0.125, 0.125
46.975198, OPEN_LOOP, 0.0, 0.0, 0.0, 0.0, 0.0, 0.0, 0.0, 0.0, 7.5, 0.0, 0.0, 0.0, 0.0, 0.0, 0.0, 0.0, 0.0, 0.0, 0.0, 0.0, 0.0, 0.125, 0.125
46.994923, OPEN_LOOP, 0.0, 0.0, 0.0, 0.0, 0.0, 0.0, 0.0, 0.0, 7.5, 0.0, 0.0, 0.0, 0.0, 0.0, 0.0, 0.0, 0.0, 0.0, 0.0, 0.0, 0.0, 0.125, 0.125
47.015372, OPEN_LOOP, 0.0, 0.0, 0.0, 0.0, 0.0, 0.0, 0.0, 0.0, 7.5, 0.0, 0.0, 0.0, 0.0, 0.0, 0.0, 0.0, 0.0, 0.0, 0.0, 0.0, 0.0, 0.125, 0.125
47.035876, OPEN_LOOP, 0.0, 0.0, 0.0, 0.0, 0.0, 0.0, 0.0, 0.0, 7.5, 0.0, 0.0, 0.0, 0.0, 0.0, 0.0, 0.0, 0.0, 0.0, 0.0, 0.0, 0.0, 0.125, 0.125
47.05617, OPEN_LOOP, 0.0, 0.0, 0.0, 0.0, 0.0, 0.0, 0.0, 0.0, 7.5, 0.0, 0.0, 0.0, 0.0, 0.0, 0.0, 0.0, 0.0, 0.0, 0.0, 0.0, 0.0, 0.125, 0.125
47.076093, OPEN_LOOP, 0.0, 0.0, 0.0, 0.0, 0.0, 0.0, 0.0, 0.0, 7.489999771118164, 0.0, 0.0, 0.0, 0.0, 0.0, 0.0, 0.0, 0.0, 0.0, 0.0, 0.0, 0.0, 0.125, 0.125
47.095531, OPEN_LOOP, 0.0, 0.0, 0.0, 0.0, 0.0, 0.0, 0.0, 0.0, 7.489999771118164, 0.0, 0.0, 0.0, 0.0, 0.0, 0.0, 0.0, 0.0, 0.0, 0.0, 0.0, 0.0, 0.125, 0.125
47.116521999999996, OPEN_LOOP, 0.0, 0.0, 0.0, 0.0, 0.0, 0.0, 0.0, 0.0, 7.489999771118164, 0.0, 0.0, 0.0, 0.0, 0.0, 0.0, 0.0, 0.0, 0.0, 0.0, 0.0, 0.0, 0.125, 0.125
47.134907, OPEN_LOOP, 0.0, 0.0, 0.0, 0.0, 0.0, 0.0, 0.0, 0.0, 7.5, 0.0, 0.0, 0.0, 0.0, 0.0, 0.0, 0.0, 0.0, 0.0, 0.0, 0.0, 0.0, 0.125, 0.125
47.154754, OPEN_LOOP, 0.0, 0.0, 0.0, 0.0, 0.0, 0.0, 0.0, 0.0, 7.489999771118164, 0.0, 0.0, 0.0, 0.0, 0.0, 0.0, 0.0, 0.0, 0.0, 0.0, 0.0, 0.0, 0.125, 0.125
47.175255, OPEN_LOOP, 0.0, 0.0, 0.0, 0.0, 0.0, 0.0, 0.0, 0.0, 7.5, 0.0, 0.0, 0.0, 0.0, 0.0, 0.0, 0.0, 0.0, 0.0, 0.0, 0.0, 0.0, 0.125, 0.125
47.194738, OPEN_LOOP, 0.0, 0.0, 0.0, 0.0, 0.0, 0.0, 0.0, 0.0, 7.5, 0.0, 0.0, 0.0, 0.0, 0.0, 0.0, 0.0, 0.0, 0.0, 0.0, 0.0, 0.0, 0.125, 0.125
47.215186, OPEN_LOOP, 0.0, 0.0, 0.0, 0.0, 0.0, 0.0, 0.0, 0.0, 7.5, 0.0, 0.0, 0.0, 0.0, 0.0, 0.0, 0.0, 0.0, 0.0, 0.0, 0.0, 0.0, 0.125, 0.125
47.235701, OPEN_LOOP, 0.0, 0.0, 0.0, 0.0, 0.0, 0.0, 0.0, 0.0, 7.5, 0.0, 0.0, 0.0, 0.0, 0.0, 0.0, 0.0, 0.0, 0.0, 0.0, 0.0, 0.0, 0.125, 0.125
47.259048, OPEN_LOOP, 0.0, 0.0, 0.0, 0.0, 0.0, 0.0, 0.0, 0.0, 7.5, 0.0, 0.0, 0.0, 0.0, 0.0, 0.0, 0.0, 0.0, 0.0, 0.0, 0.0, 0.0, 0.125, 0.125
47.274367, OPEN_LOOP, 0.0, 0.0, 0.0, 0.0, 0.0, 0.0, 0.0, 0.0, 7.5, 0.0, 0.0, 0.0, 0.0, 0.0, 0.0, 0.0, 0.0, 0.0, 0.0, 0.0, 0.0, 0.125, 0.125
47.295141, OPEN_LOOP, 0.0, 0.0, 0.0, 0.0, 0.0, 0.0, 0.0, 0.0, 7.5, 0.0, 0.0, 0.0, 0.0, 0.0, 0.0, 0.0, 0.0, 0.0, 0.0, 0.0, 0.0, 0.125, 0.125
47.314861, OPEN_LOOP, 0.0, 0.0, 0.0, 0.0, 0.0, 0.0, 0.0, 0.0, 7.5, 0.0, 0.0, 0.0, 0.0, 0.0, 0.0, 0.0, 0.0, 0.0, 0.0, 0.0, 0.0, 0.125, 0.125
47.334825, OPEN_LOOP, 0.0, 0.0, 0.0, 0.0, 0.0, 0.0, 0.0, 0.0, 7.489999771118164, 0.0, 0.0, 0.0, 0.0, 0.0, 0.0, 0.0, 0.0, 0.0, 0.0, 0.0, 0.0, 0.125, 0.125
47.354724, OPEN_LOOP, 0.0, 0.0, 0.0, 0.0, 0.0, 0.0, 0.0, 0.0, 7.489999771118164, 0.0, 0.0, 0.0, 0.0, 0.0, 0.0, 0.0, 0.0, 0.0, 0.0, 0.0, 0.0, 0.125, 0.125
47.374906, OPEN_LOOP, 0.0, 0.0, 0.0, 0.0, 0.0, 0.0, 0.0, 0.0, 7.5, 0.0, 0.0, 0.0, 0.0, 0.0, 0.0, 0.0, 0.0, 0.0, 0.0, 0.0, 0.0, 0.125, 0.125
47.395292, OPEN_LOOP, 0.0, 0.0, 0.0, 0.0, 0.0, 0.0, 0.0, 0.0, 7.489999771118164, 0.0, 0.0, 0.0, 0.0, 0.0, 0.0, 0.0, 0.0, 0.0, 0.0, 0.0, 0.0, 0.125, 0.125
47.415372, OPEN_LOOP, 0.0, 0.0, 0.0, 0.0, 0.0, 0.0, 0.0, 0.0, 7.489999771118164, 0.0, 0.0, 0.0, 0.0, 0.0, 0.0, 0.0, 0.0, 0.0, 0.0, 0.0, 0.0, 0.125, 0.125
47.435231, OPEN_LOOP, 0.0, 0.0, 0.0, 0.0, 0.0, 0.0, 0.0, 0.0, 7.489999771118164, 0.0, 0.0, 0.0, 0.0, 0.0, 0.0, 0.0, 0.0, 0.0, 0.0, 0.0, 0.0, 0.125, 0.125
47.456617, OPEN_LOOP, 0.0, 0.0, 0.0, 0.0, 0.0, 0.0, 0.0, 0.0, 7.489999771118164, 0.0, 0.0, 0.0, 0.0, 0.0, 0.0, 0.0, 0.0, 0.0, 0.0, 0.0, 0.0, 0.125, 0.125
47.475463, OPEN_LOOP, 0.0, 0.0, 0.0, 0.0, 0.0, 0.0, 0.0, 0.0, 7.489999771118164, 0.0, 0.0, 0.0, 0.0, 0.0, 0.0, 0.0, 0.0, 0.0, 0.0, 0.0, 0.0, 0.125, 0.125
47.495921, OPEN_LOOP, 0.0, 0.0, 0.0, 0.0, 0.0, 0.0, 0.0, 0.0, 7.489999771118164, 0.0, 0.0, 0.0, 0.0, 0.0, 0.0, 0.0, 0.0, 0.0, 0.0, 0.0, 0.0, 0.125, 0.125
47.514706, OPEN_LOOP, 0.0, 0.0, 0.0, 0.0, 0.0, 0.0, 0.0, 0.0, 7.489999771118164, 0.0, 0.0, 0.0, 0.0, 0.0, 0.0, 0.0, 0.0, 0.0, 0.0, 0.0, 0.0, 0.125, 0.125
47.534092, OPEN_LOOP, 0.0, 0.0, 0.0, 0.0, 0.0, 0.0, 0.0, 0.0, 7.489999771118164, 0.0, 0.0, 0.0, 0.0, 0.0, 0.0, 0.0, 0.0, 0.0, 0.0, 0.0, 0.0, 0.125, 0.125
47.561424, OPEN_LOOP, 0.0, 0.0, 0.0, 0.0, 0.0, 0.0, 0.0, 0.0, 7.489999771118164, 0.0, 0.0, 0.0, 0.0, 0.0, 0.0, 0.0, 0.0, 0.0, 0.0, 0.0, 0.0, 0.125, 0.125
47.579143, OPEN_LOOP, 0.0, 0.0, 0.0, 0.0, 0.0, 0.0, 0.0, 0.0, 7.489999771118164, 0.0, 0.0, 0.0, 0.0, 0.0, 0.0, 0.0, 0.0, 0.0, 0.0, 0.0, 0.0, 0.125, 0.125
47.621823, OPEN_LOOP, 0.0, 0.0, 0.0, 0.0, 0.0, 0.0, 0.0, 0.0, 7.489999771118164, 0.0, 0.0, 0.0, 0.0, 0.0, 0.0, 0.0, 0.0, 0.0, 0.0, 0.0, 0.0, 0.125, 0.125
47.63857, OPEN_LOOP, 0.0, 0.0, 0.0, 0.0, 0.0, 0.0, 0.0, 0.0, 7.489999771118164, 0.0, 0.0, 0.0, 0.0, 0.0, 0.0, 0.0, 0.0, 0.0, 0.0, 0.0, 0.0, 0.125, 0.125
47.654506, OPEN_LOOP, 0.0, 0.0, 0.0, 0.0, 0.0, 0.0, 0.0, 0.0, 7.489999771118164, 0.0, 0.0, 0.0, 0.0, 0.0, 0.0, 0.0, 0.0, 0.0, 0.0, 0.0, 0.0, 0.125, 0.125
47.680044, OPEN_LOOP, 0.0, 0.0, 0.0, 0.0, 0.0, 0.0, 0.0, 0.0, 7.489999771118164, 0.0, 0.0, 0.0, 0.0, 0.0, 0.0, 0.0, 0.0, 0.0, 0.0, 0.0, 0.0, 0.125, 0.125
47.696201, OPEN_LOOP, 0.0, 0.0, 0.0, 0.0, 0.0, 0.0, 0.0, 0.0, 7.489999771118164, 0.0, 0.0, 0.0, 0.0, 0.0, 0.0, 0.0, 0.0, 0.0, 0.0, 0.0, 0.0, 0.125, 0.125
47.723496, OPEN_LOOP, 0.0, 0.0, 0.0, 0.0, 0.0, 0.0, 0.0, 0.0, 7.489999771118164, 0.0, 0.0, 0.0, 0.0, 0.0, 0.0, 0.0, 0.0, 0.0, 0.0, 0.0, 0.0, 0.125, 0.125
47.914499, OPEN_LOOP, 0.0, 0.0, 0.0, 0.0, 0.0, 0.0, 0.0, 0.0, 7.489999771118164, 0.0, 0.0, 0.0, 0.0, 0.0, 0.0, 0.0, 0.0, 0.0, 0.0, 0.0, 0.0, 0.125, 0.125
47.934537999999996, OPEN_LOOP, 0.0, 0.0, 0.0, 0.0, 0.0, 0.0, 0.0, 0.0, 7.489999771118164, 0.0, 0.0, 0.0, 0.0, 0.0, 0.0, 0.0, 0.0, 0.0, 0.0, 0.0, 0.0, 0.125, 0.125
47.955103, OPEN_LOOP, 0.0, 0.0, 0.0, 0.0, 0.0, 0.0, 0.0, 0.0, 7.489999771118164, 0.0, 0.0, 0.0, 0.0, 0.0, 0.0, 0.0, 0.0, 0.0, 0.0, 0.0, 0.0, 0.125, 0.125
47.974126, OPEN_LOOP, 0.0, 0.0, 0.0, 0.0, 0.0, 0.0, 0.0, 0.0, 7.489999771118164, 0.0, 0.0, 0.0, 0.0, 0.0, 0.0, 0.0, 0.0, 0.0, 0.0, 0.0, 0.0, 0.125, 0.125
48.004727, OPEN_LOOP, 0.0, 0.0, 0.0, 0.0, 0.0, 0.0, 0.0, 0.0, 7.489999771118164, 0.0, 0.0, 0.0, 0.0, 0.0, 0.0, 0.0, 0.0, 0.0, 0.0, 0.0, 0.0, 0.125, 0.125
48.074177999999996, OPEN_LOOP, 0.0, 0.0, 0.0, 0.0, 0.0, 0.0, 0.0, 0.0, 7.489999771118164, 0.0, 0.0, 0.0, 0.0, 0.0, 0.0, 0.0, 0.0, 0.0, 0.0, 0.0, 0.0, 0.125, 0.125
48.095618, OPEN_LOOP, 0.0, 0.0, 0.0, 0.0, 0.0, 0.0, 0.0, 0.0, 7.489999771118164, 0.0, 0.0, 0.0, 0.0, 0.0, 0.0, 0.0, 0.0, 0.0, 0.0, 0.0, 0.0, 0.125, 0.125
48.116516, OPEN_LOOP, 0.0, 0.0, 0.0, 0.0, 0.0, 0.0, 0.0, 0.0, 7.489999771118164, 0.0, 0.0, 0.0, 0.0, 0.0, 0.0, 0.0, 0.0, 0.0, 0.0, 0.0, 0.0, 0.125, 0.125
48.135401, OPEN_LOOP, 0.0, 0.0, 0.0, 0.0, 0.0, 0.0, 0.0, 0.0, 7.489999771118164, 0.0, 0.0, 0.0, 0.0, 0.0, 0.0, 0.0, 0.0, 0.0, 0.0, 0.0, 0.0, 0.125, 0.125
48.154984999999996, OPEN_LOOP, 0.0, 0.0, 0.0, 0.0, 0.0, 0.0, 0.0, 0.0, 7.489999771118164, 0.0, 0.0, 0.0, 0.0, 0.0, 0.0, 0.0, 0.0, 0.0, 0.0, 0.0, 0.0, 0.125, 0.125
48.209889, OPEN_LOOP, 0.0, 0.0, 0.0, 0.0, 0.0, 0.0, 0.0, 0.0, 7.489999771118164, 0.0, 0.0, 0.0, 0.0, 0.0, 0.0, 0.0, 0.0, 0.0, 0.0, 0.0, 0.0, 0.125, 0.125
48.257193, OPEN_LOOP, 0.0, 0.0, 0.0, 0.0, 0.0, 0.0, 0.0, 0.0, 7.489999771118164, 0.0, 0.0, 0.0, 0.0, 0.0, 0.0, 0.0, 0.0, 0.0, 0.0, 0.0, 0.0, 0.125, 0.125
48.396094, OPEN_LOOP, 0.0, 0.0, 0.0, 0.0, 0.0, 0.0, 0.0, 0.0, 7.480000019073486, 0.0, 0.0, 0.0, 0.0, 0.0, 0.0, 0.0, 0.0, 0.0, 0.0, 0.0, 0.0, 0.125, 0.125
48.435779, OPEN_LOOP, 0.0, 0.0, 0.0, 0.0, 0.0, 0.0, 0.0, 0.0, 7.480000019073486, 0.0, 0.0, 0.0, 0.0, 0.0, 0.0, 0.0, 0.0, 0.0, 0.0, 0.0, 0.0, 0.125, 0.125
48.454969, OPEN_LOOP, 0.0, 0.0, 0.0, 0.0, 0.0, 0.0, 0.0, 0.0, 7.480000019073486, 0.0, 0.0, 0.0, 0.0, 0.0, 0.0, 0.0, 0.0, 0.0, 0.0, 0.0, 0.0, 0.125, 0.125
48.47527, OPEN_LOOP, 0.0, 0.0, 0.0, 0.0, 0.0, 0.0, 0.0, 0.0, 7.480000019073486, 0.0, 0.0, 0.0, 0.0, 0.0, 0.0, 0.0, 0.0, 0.0, 0.0, 0.0, 0.0, 0.125, 0.125
48.513819, OPEN_LOOP, 0.0, 0.0, 0.0, 0.0, 0.0, 0.0, 0.0, 0.0, 7.480000019073486, 0.0, 0.0, 0.0, 0.0, 0.0, 0.0, 0.0, 0.0, 0.0, 0.0, 0.0, 0.0, 0.125, 0.125
48.568171, OPEN_LOOP, 0.0, 0.0, 0.0, 0.0, 0.0, 0.0, 0.0, 0.0, 7.480000019073486, 0.0, 0.0, 0.0, 0.0, 0.0, 0.0, 0.0, 0.0, 0.0, 0.0, 0.0, 0.0, 0.125, 0.125
48.596012, OPEN_LOOP, 0.0, 0.0, 0.0, 0.0, 0.0, 0.0, 0.0, 0.0, 7.480000019073486, 0.0, 0.0, 0.0, 0.0, 0.0, 0.0, 0.0, 0.0, 0.0, 0.0, 0.0, 0.0, 0.125, 0.125
48.615021999999996, OPEN_LOOP, 0.0, 0.0, 0.0, 0.0, 0.0, 0.0, 0.0, 0.0, 7.480000019073486, 0.0, 0.0, 0.0, 0.0, 0.0, 0.0, 0.0, 0.0, 0.0, 0.0, 0.0, 0.0, 0.125, 0.125
48.63514, OPEN_LOOP, 0.0, 0.0, 0.0, 0.0, 0.0, 0.0, 0.0, 0.0, 7.480000019073486, 0.0, 0.0, 0.0, 0.0, 0.0, 0.0, 0.0, 0.0, 0.0, 0.0, 0.0, 0.0, 0.125, 0.125
48.654059, OPEN_LOOP, 0.0, 0.0, 0.0, 0.0, 0.0, 0.0, 0.0, 0.0, 7.480000019073486, 0.0, 0.0, 0.0, 0.0, 0.0, 0.0, 0.0, 0.0, 0.0, 0.0, 0.0, 0.0, 0.125, 0.125
48.674521999999996, OPEN_LOOP, 0.0, 0.0, 0.0, 0.0, 0.0, 0.0, 0.0, 0.0, 7.480000019073486, 0.0, 0.0, 0.0, 0.0, 0.0, 0.0, 0.0, 0.0, 0.0, 0.0, 0.0, 0.0, 0.125, 0.125
48.694046, OPEN_LOOP, 0.0, 0.0, 0.0, 0.0, 0.0, 0.0, 0.0, 0.0, 7.480000019073486, 0.0, 0.0, 0.0, 0.0, 0.0, 0.0, 0.0, 0.0, 0.0, 0.0, 0.0, 0.0, 0.125, 0.125
48.714964, OPEN_LOOP, 0.0, 0.0, 0.0, 0.0, 0.0, 0.0, 0.0, 0.0, 7.480000019073486, 0.0, 0.0, 0.0, 0.0, 0.0, 0.0, 0.0, 0.0, 0.0, 0.0, 0.0, 0.0, 0.125, 0.125
48.734488, OPEN_LOOP, 0.0, 0.0, 0.0, 0.0, 0.0, 0.0, 0.0, 0.0, 7.480000019073486, 0.0, 0.0, 0.0, 0.0, 0.0, 0.0, 0.0, 0.0, 0.0, 0.0, 0.0, 0.0, 0.125, 0.125
48.761279, OPEN_LOOP, 0.0, 0.0, 0.0, 0.0, 0.0, 0.0, 0.0, 0.0, 7.480000019073486, 0.0, 0.0, 0.0, 0.0, 0.0, 0.0, 0.0, 0.0, 0.0, 0.0, 0.0, 0.0, 0.125, 0.125
48.870177, OPEN_LOOP, 0.0, 0.0, 0.0, 0.0, 0.0, 0.0, 0.0, 0.0, 7.480000019073486, 0.0, 0.0, 0.0, 0.0, 0.0, 0.0, 0.0, 0.0, 0.0, 0.0, 0.0, 0.0, 0.125, 0.125
48.918938, OPEN_LOOP, 0.0, 0.0, 0.0, 0.0, 0.0, 0.0, 0.0, 0.0, 7.480000019073486, 0.0, 0.0, 0.0, 0.0, 0.0, 0.0, 0.0, 0.0, 0.0, 0.0, 0.0, 0.0, 0.125, 0.125
48.935855, OPEN_LOOP, 0.0, 0.0, 0.0, 0.0, 0.0, 0.0, 0.0, 0.0, 7.480000019073486, 0.0, 0.0, 0.0, 0.0, 0.0, 0.0, 0.0, 0.0, 0.0, 0.0, 0.0, 0.0, 0.125, 0.125
48.955396, OPEN_LOOP, 0.0, 0.0, 0.0, 0.0, 0.0, 0.0, 0.0, 0.0, 7.480000019073486, 0.0, 0.0, 0.0, 0.0, 0.0, 0.0, 0.0, 0.0, 0.0, 0.0, 0.0, 0.0, 0.125, 0.125
48.975446, OPEN_LOOP, 0.0, 0.0, 0.0, 0.0, 0.0, 0.0, 0.0, 0.0, 7.480000019073486, 0.0, 0.0, 0.0, 0.0, 0.0, 0.0, 0.0, 0.0, 0.0, 0.0, 0.0, 0.0, 0.125, 0.125
48.995695, OPEN_LOOP, 0.0, 0.0, 0.0, 0.0, 0.0, 0.0, 0.0, 0.0, 7.480000019073486, 0.0, 0.0, 0.0, 0.0, 0.0, 0.0, 0.0, 0.0, 0.0, 0.0, 0.0, 0.0, 0.125, 0.125
49.015459, OPEN_LOOP, 0.0, 0.0, 0.0, 0.0, 0.0, 0.0, 0.0, 0.0, 7.480000019073486, 0.0, 0.0, 0.0, 0.0, 0.0, 0.0, 0.0, 0.0, 0.0, 0.0, 0.0, 0.0, 0.125, 0.125
49.03397, OPEN_LOOP, 0.0, 0.0, 0.0, 0.0, 0.0, 0.0, 0.0, 0.0, 7.480000019073486, 0.0, 0.0, 0.0, 0.0, 0.0, 0.0, 0.0, 0.0, 0.0, 0.0, 0.0, 0.0, 0.125, 0.125
49.054394, OPEN_LOOP, 0.0, 0.0, 0.0, 0.0, 0.0, 0.0, 0.0, 0.0, 7.480000019073486, 0.0, 0.0, 0.0, 0.0, 0.0, 0.0, 0.0, 0.0, 0.0, 0.0, 0.0, 0.0, 0.125, 0.125
49.074423, OPEN_LOOP, 0.0, 0.0, 0.0, 0.0, 0.0, 0.0, 0.0, 0.0, 7.480000019073486, 0.0, 0.0, 0.0, 0.0, 0.0, 0.0, 0.0, 0.0, 0.0, 0.0, 0.0, 0.0, 0.125, 0.125
49.094651999999996, OPEN_LOOP, 0.0, 0.0, 0.0, 0.0, 0.0, 0.0, 0.0, 0.0, 7.480000019073486, 0.0, 0.0, 0.0, 0.0, 0.0, 0.0, 0.0, 0.0, 0.0, 0.0, 0.0, 0.0, 0.125, 0.125
49.114874, OPEN_LOOP, 0.0, 0.0, 0.0, 0.0, 0.0, 0.0, 0.0, 0.0, 7.480000019073486, 0.0, 0.0, 0.0, 0.0, 0.0, 0.0, 0.0, 0.0, 0.0, 0.0, 0.0, 0.0, 0.125, 0.125
49.13548, OPEN_LOOP, 0.0, 0.0, 0.0, 0.0, 0.0, 0.0, 0.0, 0.0, 7.480000019073486, 0.0, 0.0, 0.0, 0.0, 0.0, 0.0, 0.0, 0.0, 0.0, 0.0, 0.0, 0.0, 0.125, 0.125
49.155523, OPEN_LOOP, 0.0, 0.0, 0.0, 0.0, 0.0, 0.0, 0.0, 0.0, 7.480000019073486, 0.0, 0.0, 0.0, 0.0, 0.0, 0.0, 0.0, 0.0, 0.0, 0.0, 0.0, 0.0, 0.125, 0.125
49.175456, OPEN_LOOP, 0.0, 0.0, 0.0, 0.0, 0.0, 0.0, 0.0, 0.0, 7.480000019073486, 0.0, 0.0, 0.0, 0.0, 0.0, 0.0, 0.0, 0.0, 0.0, 0.0, 0.0, 0.0, 0.125, 0.125
49.195195, OPEN_LOOP, 0.0, 0.0, 0.0, 0.0, 0.0, 0.0, 0.0, 0.0, 7.480000019073486, 0.0, 0.0, 0.0, 0.0, 0.0, 0.0, 0.0, 0.0, 0.0, 0.0, 0.0, 0.0, 0.125, 0.125
49.414802, OPEN_LOOP, 0.0, 0.0, 0.0, 0.0, 0.0, 0.0, 0.0, 0.0, 7.480000019073486, 0.0, 0.0, 0.0, 0.0, 0.0, 0.0, 0.0, 0.0, 0.0, 0.0, 0.0, 0.0, 0.125, 0.125
49.436587, OPEN_LOOP, 0.0, 0.0, 0.0, 0.0, 0.0, 0.0, 0.0, 0.0, 7.480000019073486, 0.0, 0.0, 0.0, 0.0, 0.0, 0.0, 0.0, 0.0, 0.0, 0.0, 0.0, 0.0, 0.125, 0.125
49.458327, OPEN_LOOP, 0.0, 0.0, 0.0, 0.0, 0.0, 0.0, 0.0, 0.0, 7.480000019073486, 0.0, 0.0, 0.0, 0.0, 0.0, 0.0, 0.0, 0.0, 0.0, 0.0, 0.0, 0.0, 0.125, 0.125
49.474626, OPEN_LOOP, 0.0, 0.0, 0.0, 0.0, 0.0, 0.0, 0.0, 0.0, 7.480000019073486, 0.0, 0.0, 0.0, 0.0, 0.0, 0.0, 0.0, 0.0, 0.0, 0.0, 0.0, 0.0, 0.125, 0.125
49.495303, OPEN_LOOP, 0.0, 0.0, 0.0, 0.0, 0.0, 0.0, 0.0, 0.0, 7.480000019073486, 0.0, 0.0, 0.0, 0.0, 0.0, 0.0, 0.0, 0.0, 0.0, 0.0, 0.0, 0.0, 0.125, 0.125
49.514904, OPEN_LOOP, 0.0, 0.0, 0.0, 0.0, 0.0, 0.0, 0.0, 0.0, 7.480000019073486, 0.0, 0.0, 0.0, 0.0, 0.0, 0.0, 0.0, 0.0, 0.0, 0.0, 0.0, 0.0, 0.125, 0.125
49.535166, OPEN_LOOP, 0.0, 0.0, 0.0, 0.0, 0.0, 0.0, 0.0, 0.0, 7.480000019073486, 0.0, 0.0, 0.0, 0.0, 0.0, 0.0, 0.0, 0.0, 0.0, 0.0, 0.0, 0.0, 0.125, 0.125
49.556183, OPEN_LOOP, 0.0, 0.0, 0.0, 0.0, 0.0, 0.0, 0.0, 0.0, 7.480000019073486, 0.0, 0.0, 0.0, 0.0, 0.0, 0.0, 0.0, 0.0, 0.0, 0.0, 0.0, 0.0, 0.125, 0.125
49.575134, OPEN_LOOP, 0.0, 0.0, 0.0, 0.0, 0.0, 0.0, 0.0, 0.0, 7.480000019073486, 0.0, 0.0, 0.0, 0.0, 0.0, 0.0, 0.0, 0.0, 0.0, 0.0, 0.0, 0.0, 0.125, 0.125
49.596523, OPEN_LOOP, 0.0, 0.0, 0.0, 0.0, 0.0, 0.0, 0.0, 0.0, 7.480000019073486, 0.0, 0.0, 0.0, 0.0, 0.0, 0.0, 0.0, 0.0, 0.0, 0.0, 0.0, 0.0, 0.125, 0.125
49.615927, OPEN_LOOP, 0.0, 0.0, 0.0, 0.0, 0.0, 0.0, 0.0, 0.0, 7.480000019073486, 0.0, 0.0, 0.0, 0.0, 0.0, 0.0, 0.0, 0.0, 0.0, 0.0, 0.0, 0.0, 0.125, 0.125
49.636165, OPEN_LOOP, 0.0, 0.0, 0.0, 0.0, 0.0, 0.0, 0.0, 0.0, 7.480000019073486, 0.0, 0.0, 0.0, 0.0, 0.0, 0.0, 0.0, 0.0, 0.0, 0.0, 0.0, 0.0, 0.125, 0.125
49.656175, OPEN_LOOP, 0.0, 0.0, 0.0, 0.0, 0.0, 0.0, 0.0, 0.0, 7.480000019073486, 0.0, 0.0, 0.0, 0.0, 0.0, 0.0, 0.0, 0.0, 0.0, 0.0, 0.0, 0.0, 0.125, 0.125
49.715265, OPEN_LOOP, 0.0, 0.0, 0.0, 0.0, 0.0, 0.0, 0.0, 0.0, 7.480000019073486, 0.0, 0.0, 0.0, 0.0, 0.0, 0.0, 0.0, 0.0, 0.0, 0.0, 0.0, 0.0, 0.125, 0.125
49.828681, OPEN_LOOP, 0.0, 0.0, 0.0, 0.0, 0.0, 0.0, 0.0, 0.0, 7.480000019073486, 0.0, 0.0, 0.0, 0.0, 0.0, 0.0, 0.0, 0.0, 0.0, 0.0, 0.0, 0.0, 0.125, 0.125
49.957406999999996, OPEN_LOOP, 0.0, 0.0, 0.0, 0.0, 0.0, 0.0, 0.0, 0.0, 7.480000019073486, 0.0, 0.0, 0.0, 0.0, 0.0, 0.0, 0.0, 0.0, 0.0, 0.0, 0.0, 0.0, 0.125, 0.125
50.009093, OPEN_LOOP, 0.0, 0.0, 0.0, 0.0, 0.0, 0.0, 0.0, 0.0, 7.480000019073486, 0.0, 0.0, 0.0, 0.0, 0.0, 0.0, 0.0, 0.0, 0.0, 0.0, 0.0, 0.0, 0.125, 0.125
50.054899999999996, OPEN_LOOP, 0.0, 0.0, 0.0, 0.0, 0.0, 0.0, 0.0, 0.0, 7.480000019073486, 0.0, 0.0, 0.0, 0.0, 0.0, 0.0, 0.0, 0.0, 0.0, 0.0, 0.0, 0.0, 0.125, 0.125
50.075218, OPEN_LOOP, 0.0, 0.0, 0.0, 0.0, 0.0, 0.0, 0.0, 0.0, 7.480000019073486, 0.0, 0.0, 0.0, 0.0, 0.0, 0.0, 0.0, 0.0, 0.0, 0.0, 0.0, 0.0, 0.125, 0.125
50.095936, OPEN_LOOP, 0.0, 0.0, 0.0, 0.0, 0.0, 0.0, 0.0, 0.0, 7.480000019073486, 0.0, 0.0, 0.0, 0.0, 0.0, 0.0, 0.0, 0.0, 0.0, 0.0, 0.0, 0.0, 0.125, 0.125
50.114186, OPEN_LOOP, 0.0, 0.0, 0.0, 0.0, 0.0, 0.0, 0.0, 0.0, 7.480000019073486, 0.0, 0.0, 0.0, 0.0, 0.0, 0.0, 0.0, 0.0, 0.0, 0.0, 0.0, 0.0, 0.125, 0.125
50.135173, OPEN_LOOP, 0.0, 0.0, 0.0, 0.0, 0.0, 0.0, 0.0, 0.0, 7.480000019073486, 0.0, 0.0, 0.0, 0.0, 0.0, 0.0, 0.0, 0.0, 0.0, 0.0, 0.0, 0.0, 0.125, 0.125
50.158504, OPEN_LOOP, 0.0, 0.0, 0.0, 0.0, 0.0, 0.0, 0.0, 0.0, 7.480000019073486, 0.0, 0.0, 0.0, 0.0, 0.0, 0.0, 0.0, 0.0, 0.0, 0.0, 0.0, 0.0, 0.125, 0.125
50.175583, OPEN_LOOP, 0.0, 0.0, 0.0, 0.0, 0.0, 0.0, 0.0, 0.0, 7.480000019073486, 0.0, 0.0, 0.0, 0.0, 0.0, 0.0, 0.0, 0.0, 0.0, 0.0, 0.0, 0.0, 0.125, 0.125
50.194867, OPEN_LOOP, 0.0, 0.0, 0.0, 0.0, 0.0, 0.0, 0.0, 0.0, 7.480000019073486, 0.0, 0.0, 0.0, 0.0, 0.0, 0.0, 0.0, 0.0, 0.0, 0.0, 0.0, 0.0, 0.125, 0.125
50.214869, OPEN_LOOP, 0.0, 0.0, 0.0, 0.0, 0.0, 0.0, 0.0, 0.0, 7.480000019073486, 0.0, 0.0, 0.0, 0.0, 0.0, 0.0, 0.0, 0.0, 0.0, 0.0, 0.0, 0.0, 0.125, 0.125
50.234324, OPEN_LOOP, 0.0, 0.0, 0.0, 0.0, 0.0, 0.0, 0.0, 0.0, 7.480000019073486, 0.0, 0.0, 0.0, 0.0, 0.0, 0.0, 0.0, 0.0, 0.0, 0.0, 0.0, 0.0, 0.125, 0.125
50.255063, OPEN_LOOP, 0.0, 0.0, 0.0, 0.0, 0.0, 0.0, 0.0, 0.0, 7.480000019073486, 0.0, 0.0, 0.0, 0.0, 0.0, 0.0, 0.0, 0.0, 0.0, 0.0, 0.0, 0.0, 0.125, 0.125
50.274646, OPEN_LOOP, 0.0, 0.0, 0.0, 0.0, 0.0, 0.0, 0.0, 0.0, 7.480000019073486, 0.0, 0.0, 0.0, 0.0, 0.0, 0.0, 0.0, 0.0, 0.0, 0.0, 0.0, 0.0, 0.125, 0.125
50.295182, OPEN_LOOP, 0.0, 0.0, 0.0, 0.0, 0.0, 0.0, 0.0, 0.0, 7.480000019073486, 0.0, 0.0, 0.0, 0.0, 0.0, 0.0, 0.0, 0.0, 0.0, 0.0, 0.0, 0.0, 0.125, 0.125
50.315795, OPEN_LOOP, 0.0, 0.0, 0.0, 0.0, 0.0, 0.0, 0.0, 0.0, 7.480000019073486, 0.0, 0.0, 0.0, 0.0, 0.0, 0.0, 0.0, 0.0, 0.0, 0.0, 0.0, 0.0, 0.125, 0.125
50.336326, OPEN_LOOP, 0.0, 0.0, 0.0, 0.0, 0.0, 0.0, 0.0, 0.0, 7.480000019073486, 0.0, 0.0, 0.0, 0.0, 0.0, 0.0, 0.0, 0.0, 0.0, 0.0, 0.0, 0.0, 0.125, 0.125
50.355314, OPEN_LOOP, 0.0, 0.0, 0.0, 0.0, 0.0, 0.0, 0.0, 0.0, 7.480000019073486, 0.0, 0.0, 0.0, 0.0, 0.0, 0.0, 0.0, 0.0, 0.0, 0.0, 0.0, 0.0, 0.125, 0.125
50.375574, OPEN_LOOP, 0.0, 0.0, 0.0, 0.0, 0.0, 0.0, 0.0, 0.0, 7.480000019073486, 0.0, 0.0, 0.0, 0.0, 0.0, 0.0, 0.0, 0.0, 0.0, 0.0, 0.0, 0.0, 0.125, 0.125
50.395174, OPEN_LOOP, 0.0, 0.0, 0.0, 0.0, 0.0, 0.0, 0.0, 0.0, 7.480000019073486, 0.0, 0.0, 0.0, 0.0, 0.0, 0.0, 0.0, 0.0, 0.0, 0.0, 0.0, 0.0, 0.125, 0.125
50.420843, OPEN_LOOP, 0.0, 0.0, 0.0, 0.0, 0.0, 0.0, 0.0, 0.0, 7.480000019073486, 0.0, 0.0, 0.0, 0.0, 0.0, 0.0, 0.0, 0.0, 0.0, 0.0, 0.0, 0.0, 0.125, 0.125
50.442475, OPEN_LOOP, 0.0, 0.0, 0.0, 0.0, 0.0, 0.0, 0.0, 0.0, 7.480000019073486, 0.0, 0.0, 0.0, 0.0, 0.0, 0.0, 0.0, 0.0, 0.0, 0.0, 0.0, 0.0, 0.125, 0.125
50.458246, OPEN_LOOP, 0.0, 0.0, 0.0, 0.0, 0.0, 0.0, 0.0, 0.0, 7.480000019073486, 0.0, 0.0, 0.0, 0.0, 0.0, 0.0, 0.0, 0.0, 0.0, 0.0, 0.0, 0.0, 0.125, 0.125
50.47553, OPEN_LOOP, 0.0, 0.0, 0.0, 0.0, 0.0, 0.0, 0.0, 0.0, 7.480000019073486, 0.0, 0.0, 0.0, 0.0, 0.0, 0.0, 0.0, 0.0, 0.0, 0.0, 0.0, 0.0, 0.125, 0.125
50.495008, OPEN_LOOP, 0.0, 0.0, 0.0, 0.0, 0.0, 0.0, 0.0, 0.0, 7.480000019073486, 0.0, 0.0, 0.0, 0.0, 0.0, 0.0, 0.0, 0.0, 0.0, 0.0, 0.0, 0.0, 0.125, 0.125
50.515386, OPEN_LOOP, 0.0, 0.0, 0.0, 0.0, 0.0, 0.0, 0.0, 0.0, 7.480000019073486, 0.0, 0.0, 0.0, 0.0, 0.0, 0.0, 0.0, 0.0, 0.0, 0.0, 0.0, 0.0, 0.125, 0.125
50.535667, OPEN_LOOP, 0.0, 0.0, 0.0, 0.0, 0.0, 0.0, 0.0, 0.0, 7.480000019073486, 0.0, 0.0, 0.0, 0.0, 0.0, 0.0, 0.0, 0.0, 0.0, 0.0, 0.0, 0.0, 0.125, 0.125
50.559178, OPEN_LOOP, 0.0, 0.0, 0.0, 0.0, 0.0, 0.0, 0.0, 0.0, 7.480000019073486, 0.0, 0.0, 0.0, 0.0, 0.0, 0.0, 0.0, 0.0, 0.0, 0.0, 0.0, 0.0, 0.125, 0.125
50.575403, OPEN_LOOP, 0.0, 0.0, 0.0, 0.0, 0.0, 0.0, 0.0, 0.0, 7.480000019073486, 0.0, 0.0, 0.0, 0.0